1.357877000000000001e+00 5.497388361404903501e-01 6.926114926314039799e-01
1.392052999999999985e+00 5.643821269161871657e-01 6.962488102482409236e-01
1.426252999999999993e+00 5.284657273267525657e-01 6.777582120999228188e-01
1.460480999999999918e+00 4.353003353774627660e-01 6.436970465712347211e-01
1.494737999999999900e+00 3.258446472204219457e-01 6.161076104665743625e-01
1.529028000000000054e+00 2.133526693076588931e-01 5.903896444697289692e-01
1.563350000000000017e+00 1.454050698892187521e-01 5.592444136461357518e-01
1.597709000000000046e+00 1.186889630840771009e-01 5.321602513395680134e-01
1.632106999999999974e+00 1.163796867160704213e-01 4.990203413865977877e-01
1.666544000000000025e+00 1.333534816799519240e-01 4.573732843720824115e-01
1.701025000000000009e+00 1.502511406755561718e-01 4.171156457983180021e-01
1.735549999999999926e+00 1.652418741124496437e-01 3.789953560168095592e-01
1.770122999999999891e+00 1.821142647573459894e-01 3.405660104851824244e-01
1.804743999999999904e+00 2.031268538311663541e-01 3.006025031776830003e-01
1.839417000000000080e+00 2.237920772026832927e-01 2.598817441585964949e-01
1.874144000000000032e+00 2.370319464621706007e-01 2.180308740637677545e-01
1.908927000000000040e+00 2.407398741014415144e-01 1.710130469220598748e-01
1.943769000000000080e+00 2.349757277688250823e-01 1.159561429114692038e-01
1.978669999999999929e+00 2.192389108303930412e-01 5.497762859654386353e-02
2.013634000000000146e+00 1.927664615372774448e-01 2.155933315322238267e-02
2.048662999999999901e+00 1.541541664050304350e-01 5.624950901021090466e-02
2.083759999999999835e+00 1.105954378625965129e-01 8.530700191882292782e-02
2.118924999999999947e+00 8.493585974827513874e-02 1.039106771738141644e-01
2.154163000000000050e+00 9.983781626721902058e-02 1.015974389686498669e-01
2.189474000000000142e+00 1.131874449389864978e-01 8.493170732609985063e-02
2.224861000000000200e+00 1.050996269776036524e-01 5.309615007898380729e-02
2.260327000000000197e+00 8.783202719154668825e-02 3.482387024814869586e-02
2.295872999999999831e+00 8.435510679646318621e-02 4.760565750478985836e-02
2.331503000000000103e+00 8.113432148400799571e-02 4.446110830194396207e-02
2.367217000000000127e+00 6.423950827864453872e-02 2.384375361527050347e-02
2.403019000000000016e+00 3.853280142968398131e-02 3.061322751463277890e-03
2.438911000000000051e+00 1.916901535271544124e-02 2.020353193238309461e-02
2.474896000000000207e+00 1.639787290417262997e-02 2.866551749873194263e-02
2.510974000000000039e+00 2.977405300398803384e-02 2.873876999625208858e-02
2.547149000000000107e+00 3.675292295906146950e-02 2.079259172254637605e-02
2.583423999999999943e+00 3.200376795426586318e-02 1.733164546119116828e-02
2.619800000000000129e+00 1.543698330154365077e-02 2.166570670656372405e-02
2.656279000000000057e+00 1.939527748408225588e-02 1.881911406555690849e-02
2.692864000000000146e+00 2.030445531679763577e-02 1.387459477352527733e-02
2.729557999999999929e+00 1.054839595080315703e-02 5.945075459605800652e-03
2.766363000000000127e+00 6.069921527189319800e-03 5.822712136204933470e-04
2.803281000000000134e+00 1.739142387868672715e-02 3.957566924846667167e-03
2.840313999999999783e+00 2.130085365252246815e-02 1.140351462160538697e-02
2.877464999999999939e+00 1.511637381214910383e-02 2.363705704288495205e-02
2.914735999999999994e+00 6.312830438277504744e-03 3.098941055770117539e-02
2.952129999999999921e+00 8.354141051418761434e-04 2.965490693248480289e-02
2.989649000000000001e+00 3.840957986055140196e-03 2.250953577300253070e-02
3.027295000000000069e+00 4.399523988222541794e-03 1.286831515138147676e-02
3.065071000000000101e+00 2.471836017603163543e-03 3.596395074446114264e-03
3.102978999999999932e+00 1.585472382973156973e-03 5.441111823265887097e-03
3.141021999999999981e+00 3.268060470500791688e-03 1.205226900605354569e-02
3.179202000000000083e+00 3.940436162946999062e-03 1.511402017367258557e-02
