1.357877000000000001e+00 1.883017590914094208e-01 3.823543604360092885e-01
1.392052999999999985e+00 1.713659648574040462e-01 3.853375163960656158e-01
1.426252999999999993e+00 2.133624832210327116e-01 3.675811183111870606e-01
1.460480999999999918e+00 2.396698994270215488e-01 3.138933113724587942e-01
1.494737999999999900e+00 2.288928720831945873e-01 2.817337981562031968e-01
1.529028000000000054e+00 2.093261866706774554e-01 2.584382771316705019e-01
1.563350000000000017e+00 1.921745156337117677e-01 2.341203661241825495e-01
1.597709000000000046e+00 1.765997328175527015e-01 2.092885443828267911e-01
1.632106999999999974e+00 1.570250804065795591e-01 1.890082837135060589e-01
1.666544000000000025e+00 1.263805057429830125e-01 1.820496483214290306e-01
1.701025000000000009e+00 9.507047377851703118e-02 1.812480300583024784e-01
1.735549999999999926e+00 6.939245104037795875e-02 1.735626897715717987e-01
1.770122999999999891e+00 5.076837920318098829e-02 1.507709383665940261e-01
1.804743999999999904e+00 4.906991346100911255e-02 1.066496905380861226e-01
1.839417000000000080e+00 6.647204796674918703e-02 6.222945877666383879e-02
1.874144000000000032e+00 7.898397707893475839e-02 4.995793034547087175e-02
1.908927000000000040e+00 8.017995381571248192e-02 6.052811892464078636e-02
1.943769000000000080e+00 8.152781409257686684e-02 7.239448784342321364e-02
1.978669999999999929e+00 9.764053966031296938e-02 7.942129179707881070e-02
2.013634000000000146e+00 1.333893124807455643e-01 8.093049445895461602e-02
2.048662999999999901e+00 1.537826686631165729e-01 6.860311159911512691e-02
2.083759999999999835e+00 1.480639698473012744e-01 5.081967088663861404e-02
2.118924999999999947e+00 1.198659065988168515e-01 2.130808681589514350e-02
2.154163000000000050e+00 8.821347475035792862e-02 8.730621117933712316e-03
2.189474000000000142e+00 7.546093773108951408e-02 1.647620389147751857e-02
2.224861000000000200e+00 8.670588042425071695e-02 2.367751844947974665e-02
2.260327000000000197e+00 1.082982330074446775e-01 3.243559360167971861e-02
2.295872999999999831e+00 1.218911702428512323e-01 4.394405415426033690e-02
2.331503000000000103e+00 1.246297584903468120e-01 5.178379327648015285e-02
2.367217000000000127e+00 1.130842844240868006e-01 5.191551650536651435e-02
2.403019000000000016e+00 9.198159044072309887e-02 4.338755336774792470e-02
2.438911000000000051e+00 7.277435416936064994e-02 2.076053866077682414e-02
2.474896000000000207e+00 7.826861074617710856e-02 1.829410741398960691e-02
2.510974000000000039e+00 9.200356134853888979e-02 3.791197917722703703e-02
2.547149000000000107e+00 9.791548950930711870e-02 5.008754570313531107e-02
2.583423999999999943e+00 9.032162844145152913e-02 5.253531037508290397e-02
2.619800000000000129e+00 7.347777111733272415e-02 4.656548939233168261e-02
2.656279000000000057e+00 5.380072238474847834e-02 2.905683132816229072e-02
2.692864000000000146e+00 6.022548748283349657e-02 2.131384447399549409e-02
2.729557999999999929e+00 7.329145663166637681e-02 3.448378809403265105e-02
2.766363000000000127e+00 7.464066396978528972e-02 4.451389334162210443e-02
2.803281000000000134e+00 6.119800514714954925e-02 4.846243705191206202e-02
2.840313999999999783e+00 3.732278512185441960e-02 4.705215962287889048e-02
2.877464999999999939e+00 2.609021199162450330e-02 4.198657860189205365e-02
2.914735999999999994e+00 4.204472370386494462e-02 3.593151844437190295e-02
2.952129999999999921e+00 5.175878037925281394e-02 3.613568502772368518e-02
2.989649000000000001e+00 4.469260340372673695e-02 3.849478242498390046e-02
3.027295000000000069e+00 2.815528359805599332e-02 3.980228954473361003e-02
3.065071000000000101e+00 1.716173178263964705e-02 3.753900871354620694e-02
3.102978999999999932e+00 2.495418469224211858e-02 3.248325687821816687e-02
3.141021999999999981e+00 3.170860859073993537e-02 2.662642226710923432e-02
3.179202000000000083e+00 2.630053265254704564e-02 2.817537398373173851e-02
3.217521000000000075e+00 1.554968363215526207e-02 3.262068486727895400e-02
3.255981999999999932e+00 9.423198370585462308e-03 3.402787979179495992e-02
3.294588000000000072e+00 1.605168092544604491e-02 3.227781510273748655e-02
3.333340999999999887e+00 1.801981301910217381e-02 2.966951978724289771e-02
3.372243000000000102e+00 1.411739690526607992e-02 3.051340848787798335e-02
3.411296999999999802e+00 9.193158483047246185e-03 3.272398469654623498e-02
3.450505000000000155e+00 9.269461363345051635e-03 3.240411484420268468e-02
3.489870999999999945e+00 1.058686927114391683e-02 2.940720181941019681e-02
3.529395000000000060e+00 7.979302167911449251e-03 2.715980332580167356e-02
3.569081999999999866e+00 4.385400063452748499e-03 2.738571622161229888e-02
3.608932999999999947e+00 2.920981251319380682e-03 2.714574159975160703e-02
3.648950999999999834e+00 4.476422116569693001e-03 2.461665950443625919e-02
3.689138999999999946e+00 4.982295991828344581e-03 2.250796820502030948e-02
3.729499000000000120e+00 5.747524274011950665e-03 2.285910767644286357e-02
3.770033999999999885e+00 5.005941856702062452e-03 2.235888290764162512e-02
3.810745999999999967e+00 2.060195028211155542e-03 2.124078052586604592e-02
3.851637999999999895e+00 2.460600544431111158e-03 2.194296235310444140e-02
3.892711999999999950e+00 5.672487776164660683e-03 2.406414778503691843e-02
3.933971999999999802e+00 6.661208209573848786e-03 2.457465161162028164e-02
3.975420000000000176e+00 5.942031878751400167e-03 2.286882454308594714e-02
4.017057999999999574e+00 5.918267986174968569e-03 2.190427196293983497e-02
4.058888999999999747e+00 7.518519032063555353e-03 2.316241918376833395e-02
4.100915999999999784e+00 6.485178520841585435e-03 2.291101751055159980e-02
4.143142000000000102e+00 3.609753496811720936e-03 2.116565899088944380e-02
4.185569000000000095e+00 5.511423890852031569e-03 2.083234660999155191e-02
4.228200000000000180e+00 8.420911391456887413e-03 2.179945661071979943e-02
4.271036999999999750e+00 8.210943254765195112e-03 2.135429545984122990e-02
4.314084000000000252e+00 6.312867583226150318e-03 1.881334103918002112e-02
4.357343000000000188e+00 6.205683472376507734e-03 1.640063999435893705e-02
4.400816999999999979e+00 7.116988541611987337e-03 1.633282928872711176e-02
4.444509000000000043e+00 5.360887079350282365e-03 1.575606324567022098e-02
4.488420999999999772e+00 4.602501208873135095e-03 1.480488293839986834e-02
4.532556999999999725e+00 7.078061337371110290e-03 1.564031253059702462e-02
4.576919000000000182e+00 7.554717246527925534e-03 1.700392304718569697e-02
4.621509999999999785e+00 5.505643979277022489e-03 1.672076054464050401e-02
4.666332999999999842e+00 5.032238998294143173e-03 1.609372119735073825e-02
4.711389999999999745e+00 5.937128752054125422e-03 1.721722330662640854e-02
4.756685000000000052e+00 4.699330970200023445e-03 1.777456081570784677e-02
4.802221000000000295e+00 3.663713902294593507e-03 1.743857595086596712e-02
4.847999999999999865e+00 5.174634963093546758e-03 1.805054060551189443e-02
4.894026000000000209e+00 5.030206938818722155e-03 1.873629465976273112e-02
4.940299999999999692e+00 3.455987449130298265e-03 1.792426065262539905e-02
4.986826999999999899e+00 3.640627004088731970e-03 1.696171976992120675e-02
5.033610000000000362e+00 3.518273522098785359e-03 1.689212691988757967e-02
5.080650000000000333e+00 2.119552346152676642e-03 1.597343458957518544e-02
5.127951999999999622e+00 2.948430018830844584e-03 1.496548988292654633e-02
5.175518000000000285e+00 3.524115766211573762e-03 1.479219776249391695e-02
5.223351000000000077e+00 2.659538446243470047e-03 1.415007399585660811e-02
