1.357877000000000001e+00 5.820357441416635913e-01 6.695321806110324792e-01
1.392052999999999985e+00 5.903547502395438684e-01 6.545659782349725342e-01
1.426252999999999993e+00 5.919609188762573471e-01 6.375673377405974840e-01
1.460480999999999918e+00 5.921747887583340697e-01 6.211504527826876565e-01
1.494737999999999900e+00 5.904649419627790996e-01 5.995481642668676336e-01
1.529028000000000054e+00 5.876235888406246000e-01 5.741411737499670931e-01
1.563350000000000017e+00 5.869749169779384657e-01 5.450717192915737197e-01
1.597709000000000046e+00 5.880856879389056990e-01 5.102502016494699921e-01
1.632106999999999974e+00 5.877569235324247021e-01 4.679966155634791014e-01
1.666544000000000025e+00 5.916102312711215561e-01 4.161280127196718137e-01
1.701025000000000009e+00 6.015218822589561976e-01 3.534579276908058065e-01
1.735549999999999926e+00 6.154533373366218862e-01 2.773600247324103929e-01
1.770122999999999891e+00 6.333989433381583822e-01 1.860390870896038717e-01
1.804743999999999904e+00 6.570869958943154066e-01 8.647097711736821679e-02
1.839417000000000080e+00 6.886748589660328657e-01 1.167961070280125607e-01
1.874144000000000032e+00 7.209150097421909154e-01 2.250990600083271065e-01
1.908927000000000040e+00 7.372055636144024815e-01 2.685352563344487464e-01
1.943769000000000080e+00 7.439058872873507422e-01 2.724561651973066989e-01
1.978669999999999929e+00 7.495048343867592999e-01 2.778146882536686735e-01
2.013634000000000146e+00 7.530581920851171507e-01 2.844615070564648907e-01
2.048662999999999901e+00 7.546132423009197510e-01 2.882911420615952847e-01
2.083759999999999835e+00 7.552940247175400357e-01 2.899379573990989445e-01
2.118924999999999947e+00 7.555506787442153316e-01 2.903147216397967134e-01
2.154163000000000050e+00 7.554859714555106631e-01 2.897437304921851031e-01
2.189474000000000142e+00 7.547937855896261761e-01 2.878188909554522112e-01
2.224861000000000200e+00 7.532802967417465689e-01 2.841461212124047897e-01
2.260327000000000197e+00 7.510412665951354816e-01 2.784994688567595245e-01
2.295872999999999831e+00 7.481396792589194433e-01 2.707217731449922393e-01
2.331503000000000103e+00 7.443200990885353585e-01 2.608893707636434356e-01
2.367217000000000127e+00 7.396271653751447239e-01 2.494340288508704873e-01
2.403019000000000016e+00 7.343276883372211739e-01 2.368310211260805653e-01
2.438911000000000051e+00 7.285561804013817033e-01 2.235264312087192895e-01
2.474896000000000207e+00 7.223389080765632020e-01 2.096784952920874578e-01
2.510974000000000039e+00 7.157748400456462878e-01 1.956293843472350913e-01
2.547149000000000107e+00 7.088359889612820819e-01 1.814094102331073044e-01
2.583423999999999943e+00 7.013437930870681791e-01 1.667732688447685074e-01
2.619800000000000129e+00 6.931110641203453993e-01 1.513941192509860312e-01
2.656279000000000057e+00 6.839312490594373628e-01 1.349319026432602153e-01
2.692864000000000146e+00 6.737121354011947894e-01 1.173935812592549199e-01
2.729557999999999929e+00 6.623410890904091186e-01 9.908335843553726929e-02
2.766363000000000127e+00 6.497783510945124297e-01 8.054131387229562788e-02
2.803281000000000134e+00 6.359396851565022324e-01 6.292216250206002226e-02
2.840313999999999783e+00 6.208704335297733357e-01 4.880864430069077609e-02
2.877464999999999939e+00 6.050074035886359169e-01 4.282582717349477791e-02
2.914735999999999994e+00 5.887819087241734639e-01 4.749362859831565004e-02
2.952129999999999921e+00 5.720694504233235778e-01 5.895340321773046705e-02
2.989649000000000001e+00 5.545249207252103130e-01 7.332335884370567991e-02
3.027295000000000069e+00 5.362985656854397654e-01 8.825353189973127177e-02
3.065071000000000101e+00 5.180736647554748942e-01 1.019343697135439986e-01
3.102978999999999932e+00 5.008789158966917565e-01 1.130077084628350742e-01
3.141021999999999981e+00 4.868015640636392805e-01 1.197076967215757043e-01
3.179202000000000083e+00 4.786672439134294077e-01 1.209632611925909873e-01
3.217521000000000075e+00 4.775194864602517741e-01 1.182035816603175943e-01
3.255981999999999932e+00 4.808795108544269836e-01 1.151271773755621480e-01
3.294588000000000072e+00 4.869136429714914782e-01 1.143508868162874392e-01
3.333340999999999887e+00 4.923569450401712455e-01 1.195211739624925940e-01
3.372243000000000102e+00 4.940118033708860712e-01 1.311367220360731001e-01
3.411296999999999802e+00 4.898072804351178977e-01 1.466526056560275015e-01
3.450505000000000155e+00 4.808214455234927076e-01 1.633697853113005305e-01
3.489870999999999945e+00 4.689205030739062030e-01 1.798973175518094603e-01
3.529395000000000060e+00 4.545741330060705798e-01 1.958595017270707006e-01
3.569081999999999866e+00 4.372803050599526342e-01 2.114268565485495077e-01
3.608932999999999947e+00 4.171489062530864822e-01 2.265949880157115126e-01
3.648950999999999834e+00 3.939514445474793236e-01 2.417298958046917301e-01
3.689138999999999946e+00 3.678572869459966199e-01 2.560684987480275066e-01
3.729499000000000120e+00 3.404687445888985864e-01 2.688822050558676291e-01
3.770033999999999885e+00 3.120933658386949583e-01 2.798454684323366526e-01
3.810745999999999967e+00 2.818737831821896411e-01 2.878578894710762670e-01
3.851637999999999895e+00 2.508693254569364650e-01 2.924747804339231094e-01
3.892711999999999950e+00 2.197758797015459398e-01 2.951256687125513589e-01
3.933971999999999802e+00 1.868616224340226839e-01 2.942397598277775028e-01
3.975420000000000176e+00 1.522009231957883457e-01 2.873823908394955717e-01
4.017057999999999574e+00 1.087095021219886687e-01 2.655313228965220373e-01
4.058888999999999747e+00 5.284285665878762223e-02 2.234708066382045111e-01
4.100915999999999784e+00 1.232931480165536629e-02 1.822629022018354417e-01
4.143142000000000102e+00 3.573930203494047469e-02 1.552517751660791034e-01
4.185569000000000095e+00 5.998606493949650703e-02 1.390692490228729039e-01
4.228200000000000180e+00 8.271148734560737625e-02 1.250483434988039766e-01
4.271036999999999750e+00 1.057064168046039782e-01 1.046360867665724059e-01
4.314084000000000252e+00 1.326808261885407125e-01 7.357942626913198392e-02
4.357343000000000188e+00 1.617279891823902305e-01 3.915793668318218179e-02
4.400816999999999979e+00 1.860901973408986831e-01 1.037832683953286532e-02
4.444509000000000043e+00 2.001327722889229277e-01 1.056111234798544005e-02
4.488420999999999772e+00 2.076812267787372657e-01 2.535106920141754622e-02
4.532556999999999725e+00 2.147608438056708979e-01 3.771513427938313207e-02
4.576919000000000182e+00 2.239246614100318389e-01 4.708520559003516459e-02
4.621509999999999785e+00 2.327944140029196973e-01 5.532458047174779181e-02
4.666332999999999842e+00 2.376752391126950581e-01 6.146141349204436999e-02
4.711389999999999745e+00 2.389258170494620859e-01 6.654701285363434637e-02
4.756685000000000052e+00 2.379526549020701820e-01 7.168358056073599605e-02
4.802221000000000295e+00 2.369402987876092492e-01 7.729385204598865355e-02
4.847999999999999865e+00 2.354790180952397172e-01 8.220832947634326704e-02
4.894026000000000209e+00 2.324084521638883905e-01 8.608003290481640313e-02
4.940299999999999692e+00 2.261379905630843679e-01 8.801704955294582799e-02
4.986826999999999899e+00 2.170931237005520875e-01 8.823773254526480481e-02
5.033610000000000362e+00 2.073066226336755247e-01 8.776038374489376903e-02
5.080650000000000333e+00 1.960635265353909418e-01 8.545066405873505411e-02
5.127951999999999622e+00 1.830697272583725610e-01 8.109457197930936001e-02
5.175518000000000285e+00 1.695844780340373947e-01 7.618089283652665356e-02
5.223351000000000077e+00 1.571593123618513776e-01 7.242085781867385608e-02
5.271454999999999558e+00 1.458682596168003887e-01 6.998244290123084577e-02
5.319833000000000034e+00 1.354067356754088403e-01 6.861169422458221479e-02
5.368487000000000009e+00 1.257015156720759086e-01 6.813133089765349704e-02
5.417419999999999902e+00 1.170801966554420870e-01 6.822379719054381952e-02
5.466636000000000273e+00 1.100094845000367944e-01 6.843595071399656560e-02
5.516138999999999903e+00 1.042742757024575362e-01 6.826447919172562440e-02
5.565929999999999822e+00 1.001611582483848684e-01 6.710378863399059368e-02
5.616013999999999839e+00 9.814758520241498307e-02 6.390278111446763554e-02
5.666394000000000375e+00 9.799491373403865224e-02 5.896346512495642678e-02
