1.357877000000000001e+00 8.060121506666111380e-01 5.381782860408969027e-01
1.392052999999999985e+00 8.204968655056930071e-01 5.627929571544527665e-01
1.426252999999999993e+00 8.288288784233969198e-01 5.726899134119421975e-01
1.460480999999999918e+00 8.357542878276777998e-01 5.756205434555971001e-01
1.494737999999999900e+00 8.426534993633395532e-01 5.786018499340547239e-01
1.529028000000000054e+00 8.459590770745488708e-01 5.761411870912723776e-01
1.563350000000000017e+00 8.466192432521991718e-01 5.688482118770356033e-01
1.597709000000000046e+00 8.449626048533223077e-01 5.577951616254964717e-01
1.632106999999999974e+00 8.453651144125140515e-01 5.514986650513389321e-01
1.666544000000000025e+00 8.454591679859153608e-01 5.470186811613507727e-01
1.701025000000000009e+00 8.457491200084908956e-01 5.445227580719861349e-01
1.735549999999999926e+00 8.463533918232983844e-01 5.431428150912841479e-01
1.770122999999999891e+00 8.468061268792940188e-01 5.417071021187559454e-01
1.804743999999999904e+00 8.472865511976200859e-01 5.398583420687569356e-01
1.839417000000000080e+00 8.475067715681372515e-01 5.371258602218175193e-01
1.874144000000000032e+00 8.472668610959460667e-01 5.335963766187211688e-01
1.908927000000000040e+00 8.463389466737906153e-01 5.291257585240379813e-01
1.943769000000000080e+00 8.448818058342991710e-01 5.235903436041250414e-01
1.978669999999999929e+00 8.430927070659801625e-01 5.165578286129801633e-01
2.013634000000000146e+00 8.404593115695991878e-01 5.071641998467510959e-01
2.048662999999999901e+00 8.366911730714698958e-01 4.948113880101062678e-01
2.083759999999999835e+00 8.315948694147360376e-01 4.792229933587215385e-01
2.118924999999999947e+00 8.250066628178355232e-01 4.603222622457565638e-01
2.154163000000000050e+00 8.170662181465989660e-01 4.383863206041984095e-01
2.189474000000000142e+00 8.081956514109532863e-01 4.142789854633194269e-01
2.224861000000000200e+00 7.985953292375916890e-01 3.887241097262197354e-01
2.260327000000000197e+00 7.883281023046337932e-01 3.622626515511196965e-01
2.295872999999999831e+00 7.772050820865842313e-01 3.348799033716163831e-01
2.331503000000000103e+00 7.652529440453995635e-01 3.069960058007367709e-01
2.367217000000000127e+00 7.525202932207388784e-01 2.792016306276247639e-01
2.403019000000000016e+00 7.381121577255427280e-01 2.498317857688251986e-01
2.438911000000000051e+00 7.206076189521299913e-01 2.165407925397790645e-01
2.474896000000000207e+00 6.987623280553394434e-01 1.781987775959247289e-01
2.510974000000000039e+00 6.698840851054297385e-01 1.323410519224696991e-01
2.547149000000000107e+00 6.288221115857598464e-01 7.172380912202162839e-02
2.583423999999999943e+00 5.813626170249096559e-01 8.416665518338457917e-04
2.619800000000000129e+00 5.607048456833411132e-01 3.130311040142058632e-02
2.656279000000000057e+00 5.610416546295903251e-01 2.730916202094790801e-02
2.692864000000000146e+00 5.782917563808452899e-01 1.259048664344366089e-02
2.729557999999999929e+00 6.058113550293703353e-01 3.576196349699719418e-02
2.766363000000000127e+00 6.150770306972370705e-01 4.118069473610441733e-02
2.803281000000000134e+00 6.139901246963545001e-01 3.637772879286315514e-02
2.840313999999999783e+00 6.093241882437937518e-01 2.957515882635534249e-02
2.877464999999999939e+00 6.017086580129126228e-01 2.248939223627137440e-02
2.914735999999999994e+00 5.919608914791695264e-01 1.846481549984519896e-02
2.952129999999999921e+00 5.804279057454567736e-01 2.346479661024447258e-02
2.989649000000000001e+00 5.673430506644715487e-01 3.724335451959553261e-02
3.027295000000000069e+00 5.530841273499703670e-01 5.450611075094121544e-02
3.065071000000000101e+00 5.381752639639054703e-01 7.252876775988863212e-02
3.102978999999999932e+00 5.230235038523606272e-01 8.983727933496905849e-02
3.141021999999999981e+00 5.074287370938281860e-01 1.062453010786583996e-01
3.179202000000000083e+00 4.908231307038970481e-01 1.224416378786028076e-01
3.217521000000000075e+00 4.728400686591437974e-01 1.390923459966700859e-01
3.255981999999999932e+00 4.531996832185147817e-01 1.563527293199033497e-01
3.294588000000000072e+00 4.320789445528304684e-01 1.731902150552821762e-01
3.333340999999999887e+00 4.100836176860225279e-01 1.873230260640338096e-01
3.372243000000000102e+00 3.871548791939408152e-01 1.987012670863091135e-01
3.411296999999999802e+00 3.639488911238765723e-01 2.062994717453244808e-01
3.450505000000000155e+00 3.428028916131578008e-01 2.088263958074988991e-01
3.489870999999999945e+00 3.258886428823551951e-01 2.059006102823533746e-01
3.529395000000000060e+00 3.155171289965181258e-01 1.991590560642003960e-01
3.569081999999999866e+00 3.088163176079402050e-01 1.923182240444376301e-01
3.608932999999999947e+00 3.010083230121643472e-01 1.881003008479256999e-01
3.648950999999999834e+00 2.868249181364995737e-01 1.876478954849671865e-01
3.689138999999999946e+00 2.711507319105371239e-01 1.905892012952924153e-01
3.729499000000000120e+00 2.562202918225872095e-01 1.958664629393983558e-01
3.770033999999999885e+00 2.390522030027943945e-01 2.004056060843146525e-01
3.810745999999999967e+00 2.202042044036705837e-01 2.037757645863998990e-01
3.851637999999999895e+00 2.006590733565122853e-01 2.048866697224901168e-01
3.892711999999999950e+00 1.814800236493607222e-01 2.021245437214033158e-01
3.933971999999999802e+00 1.631762282165922229e-01 1.955285684408117619e-01
3.975420000000000176e+00 1.455752596457724757e-01 1.858463796824313952e-01
4.017057999999999574e+00 1.285777217190032518e-01 1.739008323903381281e-01
4.058888999999999747e+00 1.133203673425221686e-01 1.610306276901509182e-01
4.100915999999999784e+00 1.008144088826456730e-01 1.495213523066869776e-01
4.143142000000000102e+00 8.944994080511219081e-02 1.408167341897403613e-01
4.185569000000000095e+00 7.888465629234618637e-02 1.357918315595555703e-01
4.228200000000000180e+00 7.103089528934071473e-02 1.360780092810358888e-01
4.271036999999999750e+00 6.341392752117946952e-02 1.390667945280645024e-01
4.314084000000000252e+00 5.266475542674640270e-02 1.409578517543230713e-01
4.357343000000000188e+00 3.847089192819513198e-02 1.404166690314999355e-01
4.400816999999999979e+00 2.055239916543818643e-02 1.361567919368898150e-01
4.444509000000000043e+00 9.443279799351873491e-03 1.267764125299697398e-01
4.488420999999999772e+00 3.457511406219419825e-02 1.121279054226722305e-01
4.532556999999999725e+00 6.400078965870270586e-02 9.329310913803612326e-02
4.576919000000000182e+00 1.092666337527021247e-01 5.562344839241588346e-02
4.621509999999999785e+00 1.632993521440946894e-01 4.131555880499531569e-02
4.666332999999999842e+00 2.293263380652425798e-01 9.313792338178973618e-02
4.711389999999999745e+00 2.393361147895023411e-01 9.624126625774556687e-02
4.756685000000000052e+00 2.349413809105740103e-01 8.472276761784672261e-02
4.802221000000000295e+00 2.282989123205646231e-01 7.233547726946759626e-02
4.847999999999999865e+00 2.276108049824385193e-01 6.888677542759082117e-02
4.894026000000000209e+00 2.300533617000574960e-01 7.089614918180164871e-02
4.940299999999999692e+00 2.348734912977211431e-01 7.782680238986616761e-02
4.986826999999999899e+00 2.374990743526775305e-01 8.370205896012303248e-02
5.033610000000000362e+00 2.383412550941435004e-01 8.764542149978689356e-02
5.080650000000000333e+00 2.390927760835235283e-01 9.123497400779335964e-02
5.127951999999999622e+00 2.416907370549767342e-01 9.601548248952246345e-02
5.175518000000000285e+00 2.472035470091675236e-01 1.035344125908523455e-01
5.223351000000000077e+00 2.546718208212684909e-01 1.127054518144648826e-01
5.271454999999999558e+00 2.627586585417310272e-01 1.232291499794717499e-01
5.319833000000000034e+00 2.685748070652080877e-01 1.330907579963127862e-01
5.368487000000000009e+00 2.681591538739996894e-01 1.393714588457427017e-01
5.417419999999999902e+00 2.595347714653069571e-01 1.394534633572655224e-01
5.466636000000000273e+00 2.390944766764640239e-01 1.262854206677689883e-01
5.516138999999999903e+00 2.023230908485360580e-01 9.032312110252685433e-02
5.565929999999999822e+00 1.604945575899599519e-01 4.269692845375967077e-02
5.616013999999999839e+00 1.393236702221516410e-01 2.039467909726154840e-02
5.666394000000000375e+00 1.343694102260987455e-01 1.843795058782212934e-02
