1.357877000000000001e+00 7.828712498974623735e-01 4.743332792049244073e-01
1.392052999999999985e+00 7.688703517509646312e-01 4.573033073053548447e-01
1.426252999999999993e+00 7.429678928560384810e-01 4.202836662085299158e-01
1.460480999999999918e+00 7.074016865863290704e-01 3.477712654610670695e-01
1.494737999999999900e+00 6.757770842358232777e-01 2.694524430842621943e-01
1.529028000000000054e+00 6.565744133011752748e-01 2.111270661908847268e-01
1.563350000000000017e+00 6.479371958918795915e-01 1.737258648285289753e-01
1.597709000000000046e+00 6.360064814420199886e-01 1.409425293561052672e-01
1.632106999999999974e+00 6.102253872046211614e-01 8.512217245498732154e-02
1.666544000000000025e+00 5.878312995018699638e-01 3.873408566771385092e-02
1.701025000000000009e+00 5.929815707129062474e-01 7.030762893344606745e-02
1.735549999999999926e+00 6.081684107004230455e-01 7.824826749806297610e-02
1.770122999999999891e+00 6.264342555273506585e-01 1.017524105148043395e-01
1.804743999999999904e+00 6.427595908757092191e-01 1.292570237646966658e-01
1.839417000000000080e+00 6.554919492523658686e-01 1.506303777964067003e-01
1.874144000000000032e+00 6.645306069564625995e-01 1.664926515708376187e-01
1.908927000000000040e+00 6.708216215992872655e-01 1.781514112809546024e-01
1.943769000000000080e+00 6.755790242442435423e-01 1.865105920389924232e-01
1.978669999999999929e+00 6.797662672575055520e-01 1.930818046335576743e-01
2.013634000000000146e+00 6.826082471647886285e-01 1.974795628256268143e-01
2.048662999999999901e+00 6.825238968377679294e-01 1.968855435299947942e-01
2.083759999999999835e+00 6.764422110844702241e-01 1.840068860532387274e-01
2.118924999999999947e+00 6.603336804669074356e-01 1.499938157545683548e-01
2.154163000000000050e+00 6.363463093452632613e-01 1.019237165082648305e-01
2.189474000000000142e+00 6.098033870186924110e-01 5.322863586702217265e-02
2.224861000000000200e+00 5.842375064824506525e-01 2.054854338085635931e-02
2.260327000000000197e+00 5.590347758967492142e-01 3.582914878887381166e-02
2.295872999999999831e+00 5.346810386524740721e-01 6.185254611647192369e-02
2.331503000000000103e+00 5.098264547989652673e-01 8.442804198226465384e-02
2.367217000000000127e+00 4.775126504046942055e-01 1.052124296733901732e-01
2.403019000000000016e+00 4.328107141450400208e-01 1.235596692294650550e-01
2.438911000000000051e+00 3.794880004456860911e-01 1.390679084903002627e-01
2.474896000000000207e+00 3.199393117930642849e-01 1.516099713505545399e-01
2.510974000000000039e+00 2.592159184519705617e-01 1.583646684718409692e-01
2.547149000000000107e+00 2.109168378891757567e-01 1.449273839563693655e-01
2.583423999999999943e+00 1.796507357565506890e-01 1.103540307901254569e-01
2.619800000000000129e+00 1.489781001201067046e-01 7.458505275290522318e-02
2.656279000000000057e+00 1.021558792167079482e-01 2.068676821214157635e-02
2.692864000000000146e+00 9.072542968250195405e-02 3.246069778572703568e-02
2.729557999999999929e+00 6.877850109311310633e-02 3.915224251221682827e-02
2.766363000000000127e+00 3.931271966607597507e-02 3.903363237149014980e-02
2.803281000000000134e+00 3.356335452211916398e-02 4.173854048641092301e-02
2.840313999999999783e+00 6.671956201310290380e-02 5.137074827673884792e-02
2.877464999999999939e+00 1.045552498046904144e-01 6.469513258498701957e-02
2.914735999999999994e+00 1.309446268159627225e-01 7.364560814861752236e-02
2.952129999999999921e+00 1.446055137355104492e-01 7.354471806443586834e-02
2.989649000000000001e+00 1.481014836005071778e-01 6.629859988432761086e-02
3.027295000000000069e+00 1.439065883134372226e-01 5.698474595529001013e-02
3.065071000000000101e+00 1.384791212501475244e-01 5.440687383792147669e-02
3.102978999999999932e+00 1.316241547041258342e-01 5.515176720648606173e-02
3.141021999999999981e+00 1.249557689047905984e-01 5.562206042535321193e-02
3.179202000000000083e+00 1.237208288985706395e-01 5.749568808434984274e-02
3.217521000000000075e+00 1.272239830363499080e-01 5.824700762312810115e-02
3.255981999999999932e+00 1.308772129358425629e-01 5.645461801475355756e-02
3.294588000000000072e+00 1.313909251337689321e-01 5.136837883931016924e-02
3.333340999999999887e+00 1.301773025373286485e-01 4.573749394425934145e-02
3.372243000000000102e+00 1.263663324567267654e-01 4.043537989620393097e-02
3.411296999999999802e+00 1.191119190265752387e-01 3.320188454401299533e-02
3.450505000000000155e+00 1.134687348225555115e-01 2.642398625119155020e-02
3.489870999999999945e+00 1.068307208934770464e-01 1.703426854228204043e-02
3.529395000000000060e+00 1.005728660177773875e-01 8.586359149411765951e-03
3.569081999999999866e+00 9.670967196673253830e-02 1.372646857988958115e-02
3.608932999999999947e+00 9.648880704219219007e-02 1.855028770866461521e-02
3.648950999999999834e+00 9.749404946905941560e-02 2.014383957667206099e-02
3.689138999999999946e+00 9.854249633017869714e-02 2.086783439817136224e-02
3.729499000000000120e+00 9.932810884439163823e-02 2.194944326758029030e-02
3.770033999999999885e+00 1.012973180023424707e-01 2.352774536217856760e-02
3.810745999999999967e+00 1.067296249645958012e-01 2.636043684541021850e-02
3.851637999999999895e+00 1.135155885811791748e-01 3.187789735619368098e-02
3.892711999999999950e+00 1.192268100819797172e-01 3.920743029032267707e-02
3.933971999999999802e+00 1.222551123466928680e-01 4.686420765649852715e-02
3.975420000000000176e+00 1.217148784735998940e-01 5.371501092711634257e-02
4.017057999999999574e+00 1.172376349524554828e-01 5.842213688962467899e-02
4.058888999999999747e+00 1.095145741488361552e-01 6.020828829761215584e-02
4.100915999999999784e+00 1.022919553627898437e-01 6.131249207669119128e-02
4.143142000000000102e+00 9.303778779043149483e-02 5.732582241197184403e-02
4.185569000000000095e+00 7.819677160881895184e-02 4.488578758475250674e-02
4.228200000000000180e+00 6.284777465206799196e-02 3.124511706638369302e-02
4.271036999999999750e+00 5.481007992272658724e-02 2.426775121842627420e-02
