1.357877000000000001e+00 3.864151164603450428e-01 8.410117534685810359e-01
1.392052999999999985e+00 3.029750961475585758e-01 8.586871306087630051e-01
1.426252999999999993e+00 4.981586950440945738e-02 8.416117664613635974e-01
1.460480999999999918e+00 1.082589401419865871e-01 8.148307810456855149e-01
1.494737999999999900e+00 9.247936883318642887e-02 7.858950918995829538e-01
1.529028000000000054e+00 8.533476128443812092e-02 7.548854117928390783e-01
1.563350000000000017e+00 1.016471948784383600e-01 7.188631441199742067e-01
1.597709000000000046e+00 1.289216963524331128e-01 6.805912911736436977e-01
1.632106999999999974e+00 1.515630373361511740e-01 6.431692573542876490e-01
1.666544000000000025e+00 1.700617934739618309e-01 6.014619846761646293e-01
1.701025000000000009e+00 1.899953592000777070e-01 5.566391719159868856e-01
1.735549999999999926e+00 2.083808522744741987e-01 5.062297130465993611e-01
1.770122999999999891e+00 2.204341997837192813e-01 4.542421714516460263e-01
1.804743999999999904e+00 2.296377011243415922e-01 4.024736368042016177e-01
1.839417000000000080e+00 2.413558204217562120e-01 3.484289903095688090e-01
1.874144000000000032e+00 2.557231802591644620e-01 2.893037525567092039e-01
1.908927000000000040e+00 2.687204693352820417e-01 2.235970991770142302e-01
1.943769000000000080e+00 2.730905421963516488e-01 1.527333126961557819e-01
1.978669999999999929e+00 2.657222654054549049e-01 7.980966461830099612e-02
2.013634000000000146e+00 2.434809011939052803e-01 3.495055716933488654e-02
2.048662999999999901e+00 2.057293894681446467e-01 8.848736244438283605e-02
2.083759999999999835e+00 1.617226079570109887e-01 1.325742900444165651e-01
2.118924999999999947e+00 1.304665209676483528e-01 1.508496603217653609e-01
2.154163000000000050e+00 1.323868315624996128e-01 1.286709470857674009e-01
2.189474000000000142e+00 1.363727174609223047e-01 8.166493549427625287e-02
2.224861000000000200e+00 1.200128373518889735e-01 2.838151123020246636e-02
2.260327000000000197e+00 1.079216721564917325e-01 1.229618099999445560e-02
2.295872999999999831e+00 1.079762801430520364e-01 1.881995991041303731e-02
2.331503000000000103e+00 1.094883794934792404e-01 7.288906224384586810e-03
2.367217000000000127e+00 9.113407224472019896e-02 1.986117049145370850e-02
2.403019000000000016e+00 6.242692186835841622e-02 3.999400694793758121e-02
2.438911000000000051e+00 4.940792746341067521e-02 4.951100163212938943e-02
2.474896000000000207e+00 5.092769990473691027e-02 4.596449559573301258e-02
2.510974000000000039e+00 5.027858245935340475e-02 3.303087282527120833e-02
2.547149000000000107e+00 4.201336517689379518e-02 2.062747421040451307e-02
2.583423999999999943e+00 3.434790702024057701e-02 1.561991065024387337e-02
2.619800000000000129e+00 2.909212771621091237e-02 1.015911360727419881e-02
2.656279000000000057e+00 2.583393961228037938e-02 2.326919822895375748e-03
2.692864000000000146e+00 2.417916972523600702e-02 1.109066436888155212e-02
2.729557999999999929e+00 1.939964117920662742e-02 1.601281412922188341e-02
2.766363000000000127e+00 1.706767846516169668e-02 1.469881744303170971e-02
2.803281000000000134e+00 1.780123781166150984e-02 1.462140182662170253e-02
2.840313999999999783e+00 1.566060824222227296e-02 2.386233637007489222e-02
2.877464999999999939e+00 1.120002180363260588e-02 3.110545385884696742e-02
2.914735999999999994e+00 7.389478588035118534e-03 3.030625474218922796e-02
2.952129999999999921e+00 6.726754770655713443e-03 2.280095259079242473e-02
2.989649000000000001e+00 8.032786617791033701e-03 1.337423486411702667e-02
3.027295000000000069e+00 9.182541794818720182e-03 8.685613433668720740e-03
3.065071000000000101e+00 7.879291325528756801e-03 1.154594863612930407e-02
3.102978999999999932e+00 3.891981419056907317e-03 1.703676953445906056e-02
3.141021999999999981e+00 1.254615394853337467e-03 1.973461924935890691e-02
3.179202000000000083e+00 2.997274679784471844e-04 1.863633684246042421e-02
3.217521000000000075e+00 1.096538098221589048e-03 1.514932925947332608e-02
3.255981999999999932e+00 1.115184087929704934e-03 9.698917914249016378e-03
3.294588000000000072e+00 1.055332470153068358e-03 3.715358731903877984e-03
3.333340999999999887e+00 9.513492452409850596e-04 5.216534027283518428e-03
3.372243000000000102e+00 2.899826903369824463e-04 9.948320890441002262e-03
3.411296999999999802e+00 2.426705499696061794e-03 1.223625232831210274e-02
3.450505000000000155e+00 4.361115082584179556e-03 1.323104979632005150e-02
3.489870999999999945e+00 4.455410768560414889e-03 1.582708721148473607e-02
