1.357877000000000001e+00 1.493803570358733512e-01 5.366375225911635960e-01
1.392052999999999985e+00 1.625879760638855587e-01 5.281720621678795968e-01
1.426252999999999993e+00 1.660124780138758915e-01 5.116831507922251498e-01
1.460480999999999918e+00 1.749206739502539576e-01 5.086725692711612234e-01
1.494737999999999900e+00 2.162943340995813202e-01 5.107366341260660692e-01
1.529028000000000054e+00 2.673070106239792687e-01 5.172677775297019886e-01
1.563350000000000017e+00 2.995542116296328050e-01 5.131759560999870073e-01
1.597709000000000046e+00 2.932039818585808200e-01 4.787187778973828189e-01
1.632106999999999974e+00 2.721594520584103005e-01 4.263246249839068303e-01
1.666544000000000025e+00 2.388097087130823248e-01 3.637532355972445952e-01
1.701025000000000009e+00 1.971153795820415333e-01 3.027596962123852431e-01
1.735549999999999926e+00 1.542326014828382386e-01 2.477107781095459760e-01
1.770122999999999891e+00 1.185717049863985045e-01 1.978704156998775388e-01
1.804743999999999904e+00 1.015865210780087374e-01 1.605094892440622478e-01
1.839417000000000080e+00 1.030157233320777715e-01 1.463546654667201297e-01
1.874144000000000032e+00 9.037337782126529662e-02 1.285615099552162299e-01
1.908927000000000040e+00 6.609376617315776414e-02 7.951273015714001302e-02
1.943769000000000080e+00 8.792053987777932733e-02 2.785089312327224467e-02
1.978669999999999929e+00 1.099850407107956507e-01 1.461662453117020151e-02
2.013634000000000146e+00 1.267260494295654738e-01 4.467936175863773673e-02
2.048662999999999901e+00 1.401653048342687558e-01 7.750127363705033856e-02
2.083759999999999835e+00 1.425987521172999151e-01 9.193051548115124816e-02
2.118924999999999947e+00 1.351128575293098766e-01 8.242933129499778466e-02
2.154163000000000050e+00 1.215468340341637615e-01 5.552561181298938664e-02
2.189474000000000142e+00 1.074751603870933159e-01 2.927104376052594437e-02
2.224861000000000200e+00 9.849457669594670339e-02 9.682470461906718048e-03
2.260327000000000197e+00 9.011395629921890860e-02 1.201723069420550238e-02
2.295872999999999831e+00 8.594349347727020527e-02 3.462111145642591398e-02
2.331503000000000103e+00 9.940503187229816906e-02 5.471622378481262594e-02
2.367217000000000127e+00 1.161547079059358223e-01 6.152229884137810217e-02
2.403019000000000016e+00 1.213561085659170119e-01 5.666988330490528580e-02
2.438911000000000051e+00 1.129682816616605079e-01 4.577580736220120822e-02
2.474896000000000207e+00 9.457766197999320501e-02 2.790337946379814471e-02
2.510974000000000039e+00 7.154508395043980562e-02 2.065313746276471393e-02
2.547149000000000107e+00 7.809520758006339991e-02 4.287881521945208912e-02
2.583423999999999943e+00 9.118101178694217046e-02 5.146990996327383688e-02
2.619800000000000129e+00 9.299805686791515202e-02 5.157177330888675082e-02
2.656279000000000057e+00 8.211399177632407176e-02 4.517003904505388634e-02
2.692864000000000146e+00 5.830257068456513175e-02 3.946940118528440705e-02
2.729557999999999929e+00 4.898375218997019082e-02 4.096017543746227618e-02
2.766363000000000127e+00 6.447781849594518000e-02 4.760458917379020022e-02
2.803281000000000134e+00 6.979707540001070520e-02 5.453962769441070280e-02
2.840313999999999783e+00 5.864936992198237914e-02 5.746626919722015725e-02
2.877464999999999939e+00 3.664744076299087522e-02 5.656158769641023848e-02
2.914735999999999994e+00 2.196340196943770418e-02 5.191483432662732933e-02
2.952129999999999921e+00 2.934010080194030326e-02 4.252868214521995927e-02
2.989649000000000001e+00 3.685462256450222629e-02 3.379250576350089491e-02
3.027295000000000069e+00 3.130949655712345764e-02 3.614256416115153164e-02
3.065071000000000101e+00 2.178745786570179116e-02 4.149521657158519727e-02
3.102978999999999932e+00 9.173941815418066095e-03 4.253840987505935062e-02
3.141021999999999981e+00 5.817045029012381761e-03 3.787671661325500705e-02
3.179202000000000083e+00 8.699543542187262654e-03 3.183721335243232947e-02
3.217521000000000075e+00 8.570633646993147670e-03 3.267125323643834539e-02
3.255981999999999932e+00 6.240861940432042461e-03 3.792539631157651470e-02
3.294588000000000072e+00 2.024952777241529819e-03 4.098710992774850376e-02
3.333340999999999887e+00 1.551387899993679834e-03 3.949051759147113871e-02
3.372243000000000102e+00 3.107170239600547546e-03 3.650960909726313347e-02
3.411296999999999802e+00 4.609023588807702534e-03 3.672118404001431524e-02
3.450505000000000155e+00 4.446175847917279919e-03 3.685019297089291851e-02
3.489870999999999945e+00 2.911044718683001350e-03 3.476920011988225007e-02
3.529395000000000060e+00 5.190441189979144027e-03 3.182489629874291764e-02
3.569081999999999866e+00 8.289273237723692941e-03 3.074488608373259282e-02
3.608932999999999947e+00 8.945330123921173271e-03 2.986805515497040903e-02
3.648950999999999834e+00 6.699401232229795951e-03 2.760134680513446140e-02
3.689138999999999946e+00 4.166893704566252202e-03 2.489249222490066971e-02
3.729499000000000120e+00 8.050470522956371458e-03 2.535174338074900821e-02
3.770033999999999885e+00 1.014306922982962170e-02 2.701109755120049277e-02
3.810745999999999967e+00 9.015859588236353056e-03 2.732600339606411702e-02
3.851637999999999895e+00 4.841907358102604322e-03 2.611984691734625316e-02
3.892711999999999950e+00 8.187599996027630431e-03 2.711625310840430278e-02
3.933971999999999802e+00 1.125529492121525588e-02 2.962753794711277949e-02
3.975420000000000176e+00 1.026647169516444955e-02 3.065544847379991777e-02
4.017057999999999574e+00 6.021707869839100329e-03 2.923817554178418168e-02
4.058888999999999747e+00 8.895883268873670119e-03 2.832608597277539234e-02
4.100915999999999784e+00 1.209332009577181177e-02 2.938209530885302345e-02
4.143142000000000102e+00 1.077857928886806482e-02 2.950200097524343160e-02
4.185569000000000095e+00 6.510655026384377930e-03 2.690958382374893446e-02
4.228200000000000180e+00 9.775427029735935663e-03 2.432612257001113415e-02
4.271036999999999750e+00 1.252466872788346973e-02 2.424423062240244064e-02
4.314084000000000252e+00 1.073818417984528061e-02 2.380943533987829597e-02
4.357343000000000188e+00 6.700041520808820011e-03 2.075297602827124582e-02
4.400816999999999979e+00 1.047210455793197957e-02 1.880062228788697068e-02
4.444509000000000043e+00 1.204517846651228380e-02 1.950811980587703956e-02
4.488420999999999772e+00 9.360059261184232662e-03 1.964553479692083063e-02
4.532556999999999725e+00 6.692297433557030384e-03 1.821892663966704837e-02
4.576919000000000182e+00 1.039636700541007354e-02 1.880566088972935104e-02
4.621509999999999785e+00 1.044307792519754731e-02 2.082305356685361028e-02
4.666332999999999842e+00 6.876200714034955142e-03 2.123644806335870175e-02
4.711389999999999745e+00 6.784305681877851081e-03 2.107971883954626660e-02
4.756685000000000052e+00 8.931756504370870486e-03 2.261657128586295334e-02
