1.357877000000000001e+00 7.919350484322243977e-01 4.335820104404413677e-01
1.392052999999999985e+00 7.948425371503442527e-01 4.466076013078538187e-01
1.426252999999999993e+00 7.902205451172247264e-01 4.473380903440785650e-01
1.460480999999999918e+00 7.809909525117235685e-01 4.330513711484598183e-01
1.494737999999999900e+00 7.796142200461325666e-01 4.196254854135730294e-01
1.529028000000000054e+00 7.869852787613269562e-01 4.216043828869067145e-01
1.563350000000000017e+00 7.979306677389466085e-01 4.353312743634201731e-01
1.597709000000000046e+00 8.089085216265925471e-01 4.544245425066936739e-01
1.632106999999999974e+00 8.188768185514272435e-01 4.740205521968646751e-01
1.666544000000000025e+00 8.266511029478073036e-01 4.911869391318706701e-01
1.701025000000000009e+00 8.325837767599173489e-01 5.032911922372449443e-01
1.735549999999999926e+00 8.380111415507820460e-01 5.117806866925549425e-01
1.770122999999999891e+00 8.403473280374034182e-01 5.142236973230721597e-01
1.804743999999999904e+00 8.390298668394809978e-01 5.070427138773265785e-01
1.839417000000000080e+00 8.358425807107541239e-01 4.957147234711120620e-01
1.874144000000000032e+00 8.323842252888056237e-01 4.839928305961851418e-01
1.908927000000000040e+00 8.289253972157614170e-01 4.712851672453112206e-01
1.943769000000000080e+00 8.250725649057372157e-01 4.578402503519331534e-01
1.978669999999999929e+00 8.205361010919703935e-01 4.437250894910476640e-01
2.013634000000000146e+00 8.157098992996627551e-01 4.293549196148844782e-01
2.048662999999999901e+00 8.108632095809131801e-01 4.148408562460596527e-01
2.083759999999999835e+00 8.062961697767428992e-01 4.008291840214273649e-01
2.118924999999999947e+00 8.015419744161808024e-01 3.864082917609613643e-01
2.154163000000000050e+00 7.960950736666068117e-01 3.706573347616328173e-01
2.189474000000000142e+00 7.894130347498002909e-01 3.528618130958487975e-01
2.224861000000000200e+00 7.812465953495725257e-01 3.322518029465029166e-01
2.260327000000000197e+00 7.717319791121102224e-01 3.090493063160315024e-01
2.295872999999999831e+00 7.613852552415436570e-01 2.841848936540855575e-01
2.331503000000000103e+00 7.505033603704093226e-01 2.582953764119482187e-01
2.367217000000000127e+00 7.388841520772814198e-01 2.314208431947215039e-01
2.403019000000000016e+00 7.266292652044037403e-01 2.038032108297703204e-01
2.438911000000000051e+00 7.131744856668459365e-01 1.747543226064202926e-01
2.474896000000000207e+00 6.979392152841993324e-01 1.435496294983182042e-01
2.510974000000000039e+00 6.796973348028025885e-01 1.085440876174407349e-01
2.547149000000000107e+00 6.574488097266598663e-01 6.945743344475494019e-02
2.583423999999999943e+00 6.307090348530683954e-01 3.790624321479552084e-02
2.619800000000000129e+00 6.008842349318981313e-01 5.077048659888121901e-02
2.656279000000000057e+00 5.684667605295552484e-01 8.605401218539711350e-02
2.692864000000000146e+00 5.348336095686825331e-01 1.213769348623039007e-01
2.729557999999999929e+00 5.072144539544294339e-01 1.411710909074787301e-01
2.766363000000000127e+00 4.940210059077916327e-01 1.334071574504727964e-01
2.803281000000000134e+00 4.955705100423299370e-01 1.063663373570336440e-01
2.840313999999999783e+00 5.141314186915159068e-01 7.004534547080767948e-02
2.877464999999999939e+00 5.295410072849034977e-01 5.451220699430230771e-02
2.914735999999999994e+00 5.300081880275835378e-01 6.084841884318590438e-02
2.952129999999999921e+00 5.226016454398989541e-01 7.461047378255582230e-02
2.989649000000000001e+00 5.105688421468407290e-01 9.040540881134374873e-02
3.027295000000000069e+00 4.958310230546276731e-01 1.051301656131081591e-01
3.065071000000000101e+00 4.806804886157476364e-01 1.189202361894557552e-01
3.102978999999999932e+00 4.666738854153867910e-01 1.311802200046189026e-01
3.141021999999999981e+00 4.525976665228338414e-01 1.425122112089582116e-01
3.179202000000000083e+00 4.373695653684593343e-01 1.531214434131250857e-01
3.217521000000000075e+00 4.207466851960092180e-01 1.629948711212182988e-01
3.255981999999999932e+00 4.030508632642246236e-01 1.710821545263343513e-01
3.294588000000000072e+00 3.854359907771003346e-01 1.769065286666798020e-01
3.333340999999999887e+00 3.687569625719633870e-01 1.805725761668776630e-01
3.372243000000000102e+00 3.545087745006610391e-01 1.836924541962666468e-01
3.411296999999999802e+00 3.408284281327027543e-01 1.862153055833368764e-01
3.450505000000000155e+00 3.255657888648835208e-01 1.877204540548049749e-01
3.489870999999999945e+00 3.098980831545924408e-01 1.889204887989129056e-01
3.529395000000000060e+00 2.942443407328800276e-01 1.913606568763524252e-01
3.569081999999999866e+00 2.798177296664802749e-01 1.944281580540709042e-01
3.608932999999999947e+00 2.678406675164700657e-01 1.971839480734700889e-01
3.648950999999999834e+00 2.574082396435883879e-01 1.983554103006691383e-01
3.689138999999999946e+00 2.489402789882362577e-01 2.006806985419356815e-01
3.729499000000000120e+00 2.395410186563779742e-01 2.027464780156371105e-01
3.770033999999999885e+00 2.275174322326366794e-01 2.051897448512451094e-01
3.810745999999999967e+00 2.131341015257070259e-01 2.073523667808056248e-01
3.851637999999999895e+00 1.944372468836941814e-01 2.065952594574225198e-01
3.892711999999999950e+00 1.750523228657640262e-01 2.056940493120411051e-01
3.933971999999999802e+00 1.512615599968497870e-01 2.007977731953180800e-01
3.975420000000000176e+00 1.275953839526911271e-01 1.962740728790176303e-01
4.017057999999999574e+00 1.024255813361778511e-01 1.879757544713233919e-01
4.058888999999999747e+00 7.795524931358900622e-02 1.743808136723349056e-01
4.100915999999999784e+00 5.903416228085728995e-02 1.528313063059935362e-01
4.143142000000000102e+00 5.962343805747583048e-02 1.233213459605955603e-01
4.185569000000000095e+00 9.053002627772213651e-02 7.914431177371844539e-02
4.228200000000000180e+00 1.402952897979150571e-01 3.449531064453167928e-02
4.271036999999999750e+00 1.839909885345291651e-01 4.129093574822239460e-02
4.314084000000000252e+00 2.057756763719365278e-01 5.466081123727191404e-02
4.357343000000000188e+00 2.098993663603851700e-01 4.918563129830734459e-02
4.400816999999999979e+00 2.080952089763654922e-01 3.554986432877285663e-02
4.444509000000000043e+00 2.115885973582961876e-01 2.688633877915964573e-02
4.488420999999999772e+00 2.265053947828738756e-01 3.157184252985309469e-02
4.532556999999999725e+00 2.467360535607707739e-01 4.720713920809835318e-02
4.576919000000000182e+00 2.658341616653321360e-01 6.937091793636517012e-02
4.621509999999999785e+00 2.772051965777625471e-01 8.991493369621672560e-02
4.666332999999999842e+00 2.798201238482878606e-01 1.044556380060761430e-01
4.711389999999999745e+00 2.665132060988008034e-01 1.021387111765233585e-01
4.756685000000000052e+00 2.320128254332399498e-01 7.560392430539313036e-02
4.802221000000000295e+00 1.979273104179180842e-01 5.416577310982294974e-02
4.847999999999999865e+00 1.796056231692571004e-01 4.729055413486732418e-02
4.894026000000000209e+00 1.698374556584155981e-01 4.231252602849652072e-02
4.940299999999999692e+00 1.620281018114023419e-01 3.697321940469412704e-02
4.986826999999999899e+00 1.546789904093314738e-01 3.131500617718986634e-02
5.033610000000000362e+00 1.481648766016279428e-01 2.666059101794124309e-02
5.080650000000000333e+00 1.445482134041327082e-01 2.588618446694570391e-02
5.127951999999999622e+00 1.434100431749140148e-01 2.845255666855464605e-02
5.175518000000000285e+00 1.428784062597418525e-01 3.215632369778898686e-02
5.223351000000000077e+00 1.422083128478593417e-01 3.579839041458297150e-02
5.271454999999999558e+00 1.403136505903593845e-01 3.820127612936412981e-02
5.319833000000000034e+00 1.367730313484649407e-01 3.868922885235454023e-02
5.368487000000000009e+00 1.316093710082219814e-01 3.711298694751995891e-02
5.417419999999999902e+00 1.257259125655503795e-01 3.435468513043930805e-02
5.466636000000000273e+00 1.200037888500872230e-01 3.168971707413542616e-02
5.516138999999999903e+00 1.153708325294407061e-01 3.031495192586144277e-02
