1.981000000000000094e+00
2.011000000000000121e+00
2.039000000000000146e+00
2.087000000000000188e+00
2.087000000000000188e+00
2.108999999999999986e+00
2.128000000000000114e+00
2.164000000000000146e+00
2.164000000000000146e+00
2.178999999999999826e+00
2.193999999999999950e+00
2.208000000000000185e+00
2.220000000000000195e+00
2.232000000000000206e+00
2.242999999999999883e+00
2.254000000000000004e+00
2.262999999999999901e+00
2.271999999999999797e+00
2.279999999999999805e+00
2.287999999999999812e+00
2.294999999999999929e+00
2.301000000000000156e+00
2.306999999999999940e+00
2.313000000000000167e+00
2.318000000000000060e+00
2.322000000000000064e+00
2.326000000000000068e+00
2.330000000000000071e+00
2.333000000000000185e+00
2.335999999999999854e+00
2.338000000000000078e+00
2.339999999999999858e+00
2.342000000000000082e+00
2.342999999999999972e+00
2.343999999999999861e+00
2.343999999999999861e+00
2.345000000000000195e+00
2.343999999999999861e+00
2.343999999999999861e+00
2.342999999999999972e+00
2.342000000000000082e+00
