
 0.010000 
1.300000 	 0.371557 
1.350000 	 0.093649 
1.400000 	 0.048683 
1.450000 	 0.039107 
1.500000 	 0.041246 
1.550000 	 0.069197 
1.600000 	 0.159731 
1.650000 	 0.028072 
1.700000 	 0.013536 
1.750000 	 0.008118 
1.800000 	 0.005383 
1.850000 	 0.003788 
1.900000 	 0.002774 
1.950000 	 0.002091 
2.000000 	 0.001613 
2.050000 	 0.001267 
2.100000 	 0.001011 
2.150000 	 0.000817 
2.200000 	 0.000667 
2.250000 	 0.000550 
2.300000 	 0.000458 
2.350000 	 0.000384 
2.400000 	 0.000324 
2.450000 	 0.000276 
2.500000 	 0.000236 
2.550000 	 0.000203 
2.600000 	 0.000175 
2.650000 	 0.000152 
2.700000 	 0.000132 
2.750000 	 0.000116 
2.800000 	 0.000102 
2.850000 	 0.000090 
2.900000 	 0.000079 
2.950000 	 0.000070 

 0.020000 
1.300000 	 0.724361 
1.350000 	 0.182090 
1.400000 	 0.094316 
1.450000 	 0.075575 
1.500000 	 0.079562 
1.550000 	 0.133293 
1.600000 	 0.307567 
1.650000 	 0.054136 
1.700000 	 0.026135 
1.750000 	 0.015689 
1.800000 	 0.010412 
1.850000 	 0.007331 
1.900000 	 0.005372 
1.950000 	 0.004053 
2.000000 	 0.003128 
2.050000 	 0.002458 
2.100000 	 0.001961 
2.150000 	 0.001585 
2.200000 	 0.001296 
2.250000 	 0.001069 
2.300000 	 0.000890 
2.350000 	 0.000747 
2.400000 	 0.000631 
2.450000 	 0.000536 
2.500000 	 0.000459 
2.550000 	 0.000394 
2.600000 	 0.000341 
2.650000 	 0.000296 
2.700000 	 0.000258 
2.750000 	 0.000226 
2.800000 	 0.000198 
2.850000 	 0.000175 
2.900000 	 0.000154 
2.950000 	 0.000137 

 0.030000 
1.300000 	 1.059326 
1.350000 	 0.265568 
1.400000 	 0.137038 
1.450000 	 0.109521 
1.500000 	 0.115077 
1.550000 	 0.192506 
1.600000 	 0.444005 
1.650000 	 0.078273 
1.700000 	 0.037832 
1.750000 	 0.022733 
1.800000 	 0.015099 
1.850000 	 0.010639 
1.900000 	 0.007800 
1.950000 	 0.005888 
2.000000 	 0.004547 
2.050000 	 0.003575 
2.100000 	 0.002854 
2.150000 	 0.002308 
2.200000 	 0.001887 
2.250000 	 0.001557 
2.300000 	 0.001297 
2.350000 	 0.001088 
2.400000 	 0.000920 
2.450000 	 0.000782 
2.500000 	 0.000669 
2.550000 	 0.000575 
2.600000 	 0.000497 
2.650000 	 0.000432 
2.700000 	 0.000376 
2.750000 	 0.000329 
2.800000 	 0.000289 
2.850000 	 0.000255 
2.900000 	 0.000226 
2.950000 	 0.000200 

 0.040000 
1.300000 	 1.377319 
1.350000 	 0.344315 
1.400000 	 0.176983 
1.450000 	 0.141058 
1.500000 	 0.147913 
1.550000 	 0.247046 
1.600000 	 0.569523 
1.650000 	 0.100562 
1.700000 	 0.048665 
1.750000 	 0.029271 
1.800000 	 0.019457 
1.850000 	 0.013719 
1.900000 	 0.010066 
1.950000 	 0.007603 
2.000000 	 0.005873 
2.050000 	 0.004620 
2.100000 	 0.003690 
2.150000 	 0.002985 
2.200000 	 0.002441 
2.250000 	 0.002016 
2.300000 	 0.001679 
2.350000 	 0.001410 
2.400000 	 0.001192 
2.450000 	 0.001014 
2.500000 	 0.000867 
2.550000 	 0.000746 
2.600000 	 0.000645 
2.650000 	 0.000560 
2.700000 	 0.000488 
2.750000 	 0.000427 
2.800000 	 0.000376 
2.850000 	 0.000331 
2.900000 	 0.000293 
2.950000 	 0.000260 

 0.050000 
1.300000 	 1.679164 
1.350000 	 0.418553 
1.400000 	 0.214279 
1.450000 	 0.170296 
1.500000 	 0.178188 
1.550000 	 0.297113 
1.600000 	 0.684583 
1.650000 	 0.121079 
1.700000 	 0.058667 
1.750000 	 0.035323 
1.800000 	 0.023500 
1.850000 	 0.016582 
1.900000 	 0.012173 
1.950000 	 0.009200 
2.000000 	 0.007111 
2.050000 	 0.005597 
2.100000 	 0.004472 
2.150000 	 0.003619 
2.200000 	 0.002961 
2.250000 	 0.002446 
2.300000 	 0.002038 
2.350000 	 0.001711 
2.400000 	 0.001447 
2.450000 	 0.001231 
2.500000 	 0.001054 
2.550000 	 0.000907 
2.600000 	 0.000784 
2.650000 	 0.000681 
2.700000 	 0.000594 
2.750000 	 0.000520 
2.800000 	 0.000457 
2.850000 	 0.000403 
2.900000 	 0.000357 
2.950000 	 0.000317 

 0.060000 
1.300000 	 1.965641 
1.350000 	 0.488496 
1.400000 	 0.249047 
1.450000 	 0.197336 
1.500000 	 0.206017 
1.550000 	 0.342903 
1.600000 	 0.789626 
1.650000 	 0.139895 
1.700000 	 0.067871 
1.750000 	 0.040907 
1.800000 	 0.027238 
1.850000 	 0.019234 
1.900000 	 0.014130 
1.950000 	 0.010685 
2.000000 	 0.008263 
2.050000 	 0.006506 
2.100000 	 0.005201 
2.150000 	 0.004210 
2.200000 	 0.003446 
2.250000 	 0.002848 
2.300000 	 0.002374 
2.350000 	 0.001994 
2.400000 	 0.001686 
2.450000 	 0.001435 
2.500000 	 0.001229 
2.550000 	 0.001057 
2.600000 	 0.000914 
2.650000 	 0.000794 
2.700000 	 0.000693 
2.750000 	 0.000607 
2.800000 	 0.000534 
2.850000 	 0.000471 
2.900000 	 0.000417 
2.950000 	 0.000370 

 0.070000 
1.300000 	 2.237491 
1.350000 	 0.554343 
1.400000 	 0.281405 
1.450000 	 0.222280 
1.500000 	 0.231506 
1.550000 	 0.384601 
1.600000 	 0.885080 
1.650000 	 0.157082 
1.700000 	 0.076309 
1.750000 	 0.046041 
1.800000 	 0.030683 
1.850000 	 0.021683 
1.900000 	 0.015939 
1.950000 	 0.012060 
2.000000 	 0.009332 
2.050000 	 0.007351 
2.100000 	 0.005879 
2.150000 	 0.004761 
2.200000 	 0.003898 
2.250000 	 0.003223 
2.300000 	 0.002687 
2.350000 	 0.002258 
2.400000 	 0.001910 
2.450000 	 0.001626 
2.500000 	 0.001392 
2.550000 	 0.001199 
2.600000 	 0.001037 
2.650000 	 0.000901 
2.700000 	 0.000786 
2.750000 	 0.000689 
2.800000 	 0.000606 
2.850000 	 0.000534 
2.900000 	 0.000473 
2.950000 	 0.000420 

 0.080000 
1.300000 	 2.495416 
1.350000 	 0.616287 
1.400000 	 0.311462 
1.450000 	 0.245221 
1.500000 	 0.254760 
1.550000 	 0.422385 
1.600000 	 0.971356 
1.650000 	 0.172708 
1.700000 	 0.084013 
1.750000 	 0.050743 
1.800000 	 0.033847 
1.850000 	 0.023937 
1.900000 	 0.017608 
1.950000 	 0.013331 
2.000000 	 0.010320 
2.050000 	 0.008134 
2.100000 	 0.006508 
2.150000 	 0.005273 
2.200000 	 0.004319 
2.250000 	 0.003572 
2.300000 	 0.002979 
2.350000 	 0.002504 
2.400000 	 0.002119 
2.450000 	 0.001805 
2.500000 	 0.001546 
2.550000 	 0.001331 
2.600000 	 0.001151 
2.650000 	 0.001001 
2.700000 	 0.000873 
2.750000 	 0.000765 
2.800000 	 0.000673 
2.850000 	 0.000594 
2.900000 	 0.000526 
2.950000 	 0.000467 

 0.090000 
1.300000 	 2.740082 
1.350000 	 0.674509 
1.400000 	 0.339326 
1.450000 	 0.266251 
1.500000 	 0.275880 
1.550000 	 0.456429 
1.600000 	 1.048847 
1.650000 	 0.186836 
1.700000 	 0.091012 
1.750000 	 0.055031 
1.800000 	 0.036741 
1.850000 	 0.026003 
1.900000 	 0.019141 
1.950000 	 0.014500 
2.000000 	 0.011231 
2.050000 	 0.008857 
2.100000 	 0.007089 
2.150000 	 0.005746 
2.200000 	 0.004708 
2.250000 	 0.003895 
2.300000 	 0.003250 
2.350000 	 0.002733 
2.400000 	 0.002313 
2.450000 	 0.001970 
2.500000 	 0.001688 
2.550000 	 0.001454 
2.600000 	 0.001258 
2.650000 	 0.001094 
2.700000 	 0.000955 
2.750000 	 0.000837 
2.800000 	 0.000736 
2.850000 	 0.000650 
2.900000 	 0.000576 
2.950000 	 0.000511 

 0.100000 
1.300000 	 2.972118 
1.350000 	 0.729184 
1.400000 	 0.365097 
1.450000 	 0.285457 
1.500000 	 0.294960 
1.550000 	 0.486897 
1.600000 	 1.117935 
1.650000 	 0.199531 
1.700000 	 0.097335 
1.750000 	 0.058920 
1.800000 	 0.039374 
1.850000 	 0.027889 
1.900000 	 0.020543 
1.950000 	 0.015572 
2.000000 	 0.012068 
2.050000 	 0.009521 
2.100000 	 0.007624 
2.150000 	 0.006182 
2.200000 	 0.005068 
2.250000 	 0.004194 
2.300000 	 0.003501 
2.350000 	 0.002944 
2.400000 	 0.002493 
2.450000 	 0.002124 
2.500000 	 0.001821 
2.550000 	 0.001568 
2.600000 	 0.001358 
2.650000 	 0.001181 
2.700000 	 0.001031 
2.750000 	 0.000904 
2.800000 	 0.000795 
2.850000 	 0.000702 
2.900000 	 0.000622 
2.950000 	 0.000552 

 0.110000 
1.300000 	 3.192121 
1.350000 	 0.780477 
1.400000 	 0.388873 
1.450000 	 0.302923 
1.500000 	 0.312094 
1.550000 	 0.513948 
1.600000 	 1.178986 
1.650000 	 0.210852 
1.700000 	 0.103009 
1.750000 	 0.062427 
1.800000 	 0.041756 
1.850000 	 0.029600 
1.900000 	 0.021819 
1.950000 	 0.016549 
2.000000 	 0.012833 
2.050000 	 0.010130 
2.100000 	 0.008115 
2.150000 	 0.006583 
2.200000 	 0.005399 
2.250000 	 0.004470 
2.300000 	 0.003732 
2.350000 	 0.003140 
2.400000 	 0.002659 
2.450000 	 0.002267 
2.500000 	 0.001943 
2.550000 	 0.001674 
2.600000 	 0.001450 
2.650000 	 0.001261 
2.700000 	 0.001101 
2.750000 	 0.000966 
2.800000 	 0.000850 
2.850000 	 0.000750 
2.900000 	 0.000665 
2.950000 	 0.000591 

 0.120000 
1.300000 	 3.400656 
1.350000 	 0.828543 
1.400000 	 0.410746 
1.450000 	 0.318728 
1.500000 	 0.327368 
1.550000 	 0.537735 
1.600000 	 1.232351 
1.650000 	 0.220859 
1.700000 	 0.108062 
1.750000 	 0.065566 
1.800000 	 0.043899 
1.850000 	 0.031144 
1.900000 	 0.022973 
1.950000 	 0.017436 
2.000000 	 0.013528 
2.050000 	 0.010684 
2.100000 	 0.008563 
2.150000 	 0.006950 
2.200000 	 0.005702 
2.250000 	 0.004722 
2.300000 	 0.003944 
2.350000 	 0.003319 
2.400000 	 0.002812 
2.450000 	 0.002398 
2.500000 	 0.002056 
2.550000 	 0.001772 
2.600000 	 0.001535 
2.650000 	 0.001335 
2.700000 	 0.001167 
2.750000 	 0.001023 
2.800000 	 0.000901 
2.850000 	 0.000795 
2.900000 	 0.000705 
2.950000 	 0.000626 

 0.130000 
1.300000 	 3.598258 
1.350000 	 0.873532 
1.400000 	 0.430803 
1.450000 	 0.332948 
1.500000 	 0.340869 
1.550000 	 0.558405 
1.600000 	 1.278371 
1.650000 	 0.229606 
1.700000 	 0.112518 
1.750000 	 0.068353 
1.800000 	 0.045810 
1.850000 	 0.032528 
1.900000 	 0.024011 
1.950000 	 0.018235 
2.000000 	 0.014156 
2.050000 	 0.011186 
2.100000 	 0.008970 
2.150000 	 0.007283 
2.200000 	 0.005977 
2.250000 	 0.004952 
2.300000 	 0.004138 
2.350000 	 0.003483 
2.400000 	 0.002953 
2.450000 	 0.002518 
2.500000 	 0.002160 
2.550000 	 0.001862 
2.600000 	 0.001613 
2.650000 	 0.001404 
2.700000 	 0.001227 
2.750000 	 0.001076 
2.800000 	 0.000947 
2.850000 	 0.000837 
2.900000 	 0.000742 
2.950000 	 0.000659 

 0.140000 
1.300000 	 3.785433 
1.350000 	 0.915587 
1.400000 	 0.449130 
1.450000 	 0.345657 
1.500000 	 0.352677 
1.550000 	 0.576099 
1.600000 	 1.317373 
1.650000 	 0.237149 
1.700000 	 0.116404 
1.750000 	 0.070802 
1.800000 	 0.047500 
1.850000 	 0.033756 
1.900000 	 0.024937 
1.950000 	 0.018950 
2.000000 	 0.014720 
2.050000 	 0.011637 
2.100000 	 0.009336 
2.150000 	 0.007584 
2.200000 	 0.006227 
2.250000 	 0.005161 
2.300000 	 0.004314 
2.350000 	 0.003633 
2.400000 	 0.003080 
2.450000 	 0.002628 
2.500000 	 0.002254 
2.550000 	 0.001944 
2.600000 	 0.001685 
2.650000 	 0.001466 
2.700000 	 0.001282 
2.750000 	 0.001125 
2.800000 	 0.000990 
2.850000 	 0.000875 
2.900000 	 0.000776 
2.950000 	 0.000690 

 0.150000 
1.300000 	 3.962660 
1.350000 	 0.954841 
1.400000 	 0.465807 
1.450000 	 0.356926 
1.500000 	 0.362869 
1.550000 	 0.590953 
1.600000 	 1.349670 
1.650000 	 0.243539 
1.700000 	 0.119742 
1.750000 	 0.072927 
1.800000 	 0.048977 
1.850000 	 0.034837 
1.900000 	 0.025754 
1.950000 	 0.019584 
2.000000 	 0.015221 
2.050000 	 0.012040 
2.100000 	 0.009664 
2.150000 	 0.007854 
2.200000 	 0.006451 
2.250000 	 0.005349 
2.300000 	 0.004473 
2.350000 	 0.003768 
2.400000 	 0.003196 
2.450000 	 0.002727 
2.500000 	 0.002340 
2.550000 	 0.002019 
2.600000 	 0.001750 
2.650000 	 0.001523 
2.700000 	 0.001332 
2.750000 	 0.001169 
2.800000 	 0.001030 
2.850000 	 0.000910 
2.900000 	 0.000807 
2.950000 	 0.000718 

 0.160000 
1.300000 	 4.130390 
1.350000 	 0.991423 
1.400000 	 0.480910 
1.450000 	 0.366820 
1.500000 	 0.371522 
1.550000 	 0.603097 
1.600000 	 1.375567 
1.650000 	 0.248828 
1.700000 	 0.122556 
1.750000 	 0.074741 
1.800000 	 0.050249 
1.850000 	 0.035774 
1.900000 	 0.026467 
1.950000 	 0.020140 
2.000000 	 0.015663 
2.050000 	 0.012397 
2.100000 	 0.009955 
2.150000 	 0.008094 
2.200000 	 0.006651 
2.250000 	 0.005517 
2.300000 	 0.004615 
2.350000 	 0.003889 
2.400000 	 0.003299 
2.450000 	 0.002816 
2.500000 	 0.002418 
2.550000 	 0.002086 
2.600000 	 0.001809 
2.650000 	 0.001575 
2.700000 	 0.001377 
2.750000 	 0.001209 
2.800000 	 0.001065 
2.850000 	 0.000942 
2.900000 	 0.000835 
2.950000 	 0.000743 

 0.170000 
1.300000 	 4.289051 
1.350000 	 1.025454 
1.400000 	 0.494512 
1.450000 	 0.375405 
1.500000 	 0.378706 
1.550000 	 0.612656 
1.600000 	 1.395355 
1.650000 	 0.253063 
1.700000 	 0.124869 
1.750000 	 0.076257 
1.800000 	 0.051326 
1.850000 	 0.036574 
1.900000 	 0.027081 
1.950000 	 0.020621 
2.000000 	 0.016047 
2.050000 	 0.012707 
2.100000 	 0.010210 
2.150000 	 0.008305 
2.200000 	 0.006828 
2.250000 	 0.005666 
2.300000 	 0.004741 
2.350000 	 0.003997 
2.400000 	 0.003392 
2.450000 	 0.002896 
2.500000 	 0.002487 
2.550000 	 0.002146 
2.600000 	 0.001861 
2.650000 	 0.001622 
2.700000 	 0.001418 
2.750000 	 0.001245 
2.800000 	 0.001097 
2.850000 	 0.000970 
2.900000 	 0.000861 
2.950000 	 0.000766 

 0.180000 
1.300000 	 4.439047 
1.350000 	 1.057049 
1.400000 	 0.506683 
1.450000 	 0.382741 
1.500000 	 0.384490 
1.550000 	 0.619752 
1.600000 	 1.409317 
1.650000 	 0.256291 
1.700000 	 0.126703 
1.750000 	 0.077488 
1.800000 	 0.052214 
1.850000 	 0.037242 
1.900000 	 0.027598 
1.950000 	 0.021030 
2.000000 	 0.016375 
2.050000 	 0.012975 
2.100000 	 0.010430 
2.150000 	 0.008488 
2.200000 	 0.006981 
2.250000 	 0.005796 
2.300000 	 0.004851 
2.350000 	 0.004091 
2.400000 	 0.003473 
2.450000 	 0.002967 
2.500000 	 0.002548 
2.550000 	 0.002200 
2.600000 	 0.001908 
2.650000 	 0.001663 
2.700000 	 0.001455 
2.750000 	 0.001278 
2.800000 	 0.001126 
2.850000 	 0.000996 
2.900000 	 0.000884 
2.950000 	 0.000786 

 0.190000 
1.300000 	 4.580758 
1.350000 	 1.086318 
1.400000 	 0.517490 
1.450000 	 0.388887 
1.500000 	 0.388941 
1.550000 	 0.624501 
1.600000 	 1.417722 
1.650000 	 0.258559 
1.700000 	 0.128077 
1.750000 	 0.078446 
1.800000 	 0.052921 
1.850000 	 0.037784 
1.900000 	 0.028023 
1.950000 	 0.021370 
2.000000 	 0.016650 
2.050000 	 0.013200 
2.100000 	 0.010617 
2.150000 	 0.008644 
2.200000 	 0.007113 
2.250000 	 0.005907 
2.300000 	 0.004947 
2.350000 	 0.004173 
2.400000 	 0.003544 
2.450000 	 0.003028 
2.500000 	 0.002602 
2.550000 	 0.002247 
2.600000 	 0.001950 
2.650000 	 0.001699 
2.700000 	 0.001487 
2.750000 	 0.001306 
2.800000 	 0.001152 
2.850000 	 0.001019 
2.900000 	 0.000904 
2.950000 	 0.000805 

 0.200000 
1.300000 	 4.714546 
1.350000 	 1.113365 
1.400000 	 0.526997 
1.450000 	 0.393901 
1.500000 	 0.392122 
1.550000 	 0.627014 
1.600000 	 1.420834 
1.650000 	 0.259909 
1.700000 	 0.129013 
1.750000 	 0.079141 
1.800000 	 0.053456 
1.850000 	 0.038204 
1.900000 	 0.028359 
1.950000 	 0.021642 
2.000000 	 0.016874 
2.050000 	 0.013386 
2.100000 	 0.010772 
2.150000 	 0.008775 
2.200000 	 0.007223 
2.250000 	 0.006002 
2.300000 	 0.005028 
2.350000 	 0.004243 
2.400000 	 0.003605 
2.450000 	 0.003081 
2.500000 	 0.002648 
2.550000 	 0.002288 
2.600000 	 0.001986 
2.650000 	 0.001731 
2.700000 	 0.001515 
2.750000 	 0.001331 
2.800000 	 0.001174 
2.850000 	 0.001039 
2.900000 	 0.000922 
2.950000 	 0.000821 

 0.210000 
1.300000 	 4.840749 
1.350000 	 1.138289 
1.400000 	 0.535263 
1.450000 	 0.397835 
1.500000 	 0.394095 
1.550000 	 0.627400 
1.600000 	 1.418905 
1.650000 	 0.260383 
1.700000 	 0.129530 
1.750000 	 0.079587 
1.800000 	 0.053826 
1.850000 	 0.038509 
1.900000 	 0.028610 
1.950000 	 0.021851 
2.000000 	 0.017048 
2.050000 	 0.013532 
2.100000 	 0.010896 
2.150000 	 0.008880 
2.200000 	 0.007314 
2.250000 	 0.006079 
2.300000 	 0.005095 
2.350000 	 0.004301 
2.400000 	 0.003655 
2.450000 	 0.003125 
2.500000 	 0.002687 
2.550000 	 0.002322 
2.600000 	 0.002016 
2.650000 	 0.001758 
2.700000 	 0.001539 
2.750000 	 0.001353 
2.800000 	 0.001193 
2.850000 	 0.001056 
2.900000 	 0.000938 
2.950000 	 0.000835 

 0.220000 
1.300000 	 4.959687 
1.350000 	 1.161183 
1.400000 	 0.542348 
1.450000 	 0.400742 
1.500000 	 0.394917 
1.550000 	 0.625761 
1.600000 	 1.412178 
1.650000 	 0.260024 
1.700000 	 0.129646 
1.750000 	 0.079793 
1.800000 	 0.054037 
1.850000 	 0.038702 
1.900000 	 0.028780 
1.950000 	 0.021998 
2.000000 	 0.017175 
2.050000 	 0.013641 
2.100000 	 0.010990 
2.150000 	 0.008961 
2.200000 	 0.007384 
2.250000 	 0.006141 
2.300000 	 0.005148 
2.350000 	 0.004348 
2.400000 	 0.003697 
2.450000 	 0.003162 
2.500000 	 0.002719 
2.550000 	 0.002351 
2.600000 	 0.002041 
2.650000 	 0.001781 
2.700000 	 0.001559 
2.750000 	 0.001371 
2.800000 	 0.001210 
2.850000 	 0.001071 
2.900000 	 0.000951 
2.950000 	 0.000847 

 0.230000 
1.300000 	 5.071663 
1.350000 	 1.182137 
1.400000 	 0.548305 
1.450000 	 0.402670 
1.500000 	 0.394645 
1.550000 	 0.622199 
1.600000 	 1.400889 
1.650000 	 0.258869 
1.700000 	 0.129381 
1.750000 	 0.079771 
1.800000 	 0.054096 
1.850000 	 0.038788 
1.900000 	 0.028872 
1.950000 	 0.022086 
2.000000 	 0.017256 
2.050000 	 0.013715 
2.100000 	 0.011055 
2.150000 	 0.009019 
2.200000 	 0.007436 
2.250000 	 0.006186 
2.300000 	 0.005189 
2.350000 	 0.004384 
2.400000 	 0.003729 
2.450000 	 0.003190 
2.500000 	 0.002745 
2.550000 	 0.002373 
2.600000 	 0.002062 
2.650000 	 0.001799 
2.700000 	 0.001576 
2.750000 	 0.001386 
2.800000 	 0.001223 
2.850000 	 0.001083 
2.900000 	 0.000962 
2.950000 	 0.000857 

 0.240000 
1.300000 	 5.176960 
1.350000 	 1.201234 
1.400000 	 0.553189 
1.450000 	 0.403668 
1.500000 	 0.393333 
1.550000 	 0.616808 
1.600000 	 1.385264 
1.650000 	 0.256957 
1.700000 	 0.128752 
1.750000 	 0.079530 
1.800000 	 0.054011 
1.850000 	 0.038772 
1.900000 	 0.028888 
1.950000 	 0.022117 
2.000000 	 0.017294 
2.050000 	 0.013753 
2.100000 	 0.011093 
2.150000 	 0.009055 
2.200000 	 0.007469 
2.250000 	 0.006217 
2.300000 	 0.005217 
2.350000 	 0.004410 
2.400000 	 0.003752 
2.450000 	 0.003211 
2.500000 	 0.002764 
2.550000 	 0.002390 
2.600000 	 0.002077 
2.650000 	 0.001813 
2.700000 	 0.001589 
2.750000 	 0.001397 
2.800000 	 0.001234 
2.850000 	 0.001093 
2.900000 	 0.000971 
2.950000 	 0.000865 

 0.250000 
1.300000 	 5.275845 
1.350000 	 1.218554 
1.400000 	 0.557048 
1.450000 	 0.403781 
1.500000 	 0.391034 
1.550000 	 0.609683 
1.600000 	 1.365524 
1.650000 	 0.254326 
1.700000 	 0.127775 
1.750000 	 0.079081 
1.800000 	 0.053787 
1.850000 	 0.038659 
1.900000 	 0.028833 
1.950000 	 0.022095 
2.000000 	 0.017289 
2.050000 	 0.013759 
2.100000 	 0.011105 
2.150000 	 0.009070 
2.200000 	 0.007485 
2.250000 	 0.006233 
2.300000 	 0.005233 
2.350000 	 0.004425 
2.400000 	 0.003766 
2.450000 	 0.003225 
2.500000 	 0.002776 
2.550000 	 0.002402 
2.600000 	 0.002088 
2.650000 	 0.001823 
2.700000 	 0.001598 
2.750000 	 0.001406 
2.800000 	 0.001242 
2.850000 	 0.001100 
2.900000 	 0.000977 
2.950000 	 0.000871 

 0.260000 
1.300000 	 5.368572 
1.350000 	 1.234174 
1.400000 	 0.559932 
1.450000 	 0.403052 
1.500000 	 0.387797 
1.550000 	 0.600913 
1.600000 	 1.341881 
1.650000 	 0.251010 
1.700000 	 0.126469 
1.750000 	 0.078433 
1.800000 	 0.053431 
1.850000 	 0.038452 
1.900000 	 0.028709 
1.950000 	 0.022020 
2.000000 	 0.017244 
2.050000 	 0.013733 
2.100000 	 0.011091 
2.150000 	 0.009064 
2.200000 	 0.007484 
2.250000 	 0.006235 
2.300000 	 0.005237 
2.350000 	 0.004430 
2.400000 	 0.003772 
2.450000 	 0.003231 
2.500000 	 0.002783 
2.550000 	 0.002409 
2.600000 	 0.002095 
2.650000 	 0.001829 
2.700000 	 0.001604 
2.750000 	 0.001412 
2.800000 	 0.001247 
2.850000 	 0.001105 
2.900000 	 0.000982 
2.950000 	 0.000876 

 0.270000 
1.300000 	 5.455376 
1.350000 	 1.248165 
1.400000 	 0.561886 
1.450000 	 0.401524 
1.500000 	 0.383670 
1.550000 	 0.590584 
1.600000 	 1.314540 
1.650000 	 0.247044 
1.700000 	 0.124848 
1.750000 	 0.077596 
1.800000 	 0.052949 
1.850000 	 0.038156 
1.900000 	 0.028520 
1.950000 	 0.021895 
2.000000 	 0.017161 
2.050000 	 0.013677 
2.100000 	 0.011053 
2.150000 	 0.009038 
2.200000 	 0.007467 
2.250000 	 0.006224 
2.300000 	 0.005230 
2.350000 	 0.004427 
2.400000 	 0.003771 
2.450000 	 0.003231 
2.500000 	 0.002784 
2.550000 	 0.002410 
2.600000 	 0.002097 
2.650000 	 0.001832 
2.700000 	 0.001607 
2.750000 	 0.001414 
2.800000 	 0.001250 
2.850000 	 0.001108 
2.900000 	 0.000985 
2.950000 	 0.000878 

 0.280000 
1.300000 	 5.536480 
1.350000 	 1.260595 
1.400000 	 0.562953 
1.450000 	 0.399237 
1.500000 	 0.378701 
1.550000 	 0.578780 
1.600000 	 1.283700 
1.650000 	 0.242462 
1.700000 	 0.122929 
1.750000 	 0.076579 
1.800000 	 0.052347 
1.850000 	 0.037775 
1.900000 	 0.028268 
1.950000 	 0.021724 
2.000000 	 0.017041 
2.050000 	 0.013592 
2.100000 	 0.010991 
2.150000 	 0.008994 
2.200000 	 0.007434 
2.250000 	 0.006200 
2.300000 	 0.005213 
2.350000 	 0.004414 
2.400000 	 0.003761 
2.450000 	 0.003224 
2.500000 	 0.002779 
2.550000 	 0.002407 
2.600000 	 0.002095 
2.650000 	 0.001831 
2.700000 	 0.001606 
2.750000 	 0.001414 
2.800000 	 0.001250 
2.850000 	 0.001108 
2.900000 	 0.000986 
2.950000 	 0.000879 

 0.290000 
1.300000 	 5.612093 
1.350000 	 1.271529 
1.400000 	 0.563177 
1.450000 	 0.396228 
1.500000 	 0.372934 
1.550000 	 0.565581 
1.600000 	 1.249553 
1.650000 	 0.237297 
1.700000 	 0.120727 
1.750000 	 0.075391 
1.800000 	 0.051630 
1.850000 	 0.037313 
1.900000 	 0.027957 
1.950000 	 0.021506 
2.000000 	 0.016886 
2.050000 	 0.013479 
2.100000 	 0.010908 
2.150000 	 0.008931 
2.200000 	 0.007387 
2.250000 	 0.006164 
2.300000 	 0.005185 
2.350000 	 0.004392 
2.400000 	 0.003745 
2.450000 	 0.003212 
2.500000 	 0.002769 
2.550000 	 0.002399 
2.600000 	 0.002089 
2.650000 	 0.001826 
2.700000 	 0.001603 
2.750000 	 0.001412 
2.800000 	 0.001248 
2.850000 	 0.001107 
2.900000 	 0.000985 
2.950000 	 0.000879 

 0.300000 
1.300000 	 5.682410 
1.350000 	 1.281029 
1.400000 	 0.562596 
1.450000 	 0.392536 
1.500000 	 0.366412 
1.550000 	 0.551067 
1.600000 	 1.212287 
1.650000 	 0.231579 
1.700000 	 0.118256 
1.750000 	 0.074041 
1.800000 	 0.050805 
1.850000 	 0.036774 
1.900000 	 0.027588 
1.950000 	 0.021246 
2.000000 	 0.016697 
2.050000 	 0.013339 
2.100000 	 0.010803 
2.150000 	 0.008851 
2.200000 	 0.007325 
2.250000 	 0.006116 
2.300000 	 0.005147 
2.350000 	 0.004362 
2.400000 	 0.003721 
2.450000 	 0.003193 
2.500000 	 0.002754 
2.550000 	 0.002387 
2.600000 	 0.002079 
2.650000 	 0.001818 
2.700000 	 0.001596 
2.750000 	 0.001406 
2.800000 	 0.001244 
2.850000 	 0.001103 
2.900000 	 0.000982 
2.950000 	 0.000876 

 0.310000 
1.300000 	 5.747616 
1.350000 	 1.289151 
1.400000 	 0.561249 
1.450000 	 0.388196 
1.500000 	 0.359176 
1.550000 	 0.535312 
1.600000 	 1.172083 
1.650000 	 0.225341 
1.700000 	 0.115531 
1.750000 	 0.072536 
1.800000 	 0.049877 
1.850000 	 0.036161 
1.900000 	 0.027165 
1.950000 	 0.020944 
2.000000 	 0.016476 
2.050000 	 0.013174 
2.100000 	 0.010677 
2.150000 	 0.008754 
2.200000 	 0.007250 
2.250000 	 0.006057 
2.300000 	 0.005100 
2.350000 	 0.004325 
2.400000 	 0.003691 
2.450000 	 0.003168 
2.500000 	 0.002734 
2.550000 	 0.002371 
2.600000 	 0.002065 
2.650000 	 0.001807 
2.700000 	 0.001587 
2.750000 	 0.001399 
2.800000 	 0.001237 
2.850000 	 0.001098 
2.900000 	 0.000977 
2.950000 	 0.000873 

 0.320000 
1.300000 	 5.807882 
1.350000 	 1.295952 
1.400000 	 0.559173 
1.450000 	 0.383241 
1.500000 	 0.351268 
1.550000 	 0.518390 
1.600000 	 1.129116 
1.650000 	 0.218610 
1.700000 	 0.112566 
1.750000 	 0.070886 
1.800000 	 0.048851 
1.850000 	 0.035479 
1.900000 	 0.026691 
1.950000 	 0.020603 
2.000000 	 0.016225 
2.050000 	 0.012985 
2.100000 	 0.010533 
2.150000 	 0.008642 
2.200000 	 0.007161 
2.250000 	 0.005987 
2.300000 	 0.005044 
2.350000 	 0.004279 
2.400000 	 0.003654 
2.450000 	 0.003138 
2.500000 	 0.002709 
2.550000 	 0.002350 
2.600000 	 0.002048 
2.650000 	 0.001792 
2.700000 	 0.001575 
2.750000 	 0.001389 
2.800000 	 0.001229 
2.850000 	 0.001091 
2.900000 	 0.000971 
2.950000 	 0.000867 

 0.330000 
1.300000 	 5.863369 
1.350000 	 1.301482 
1.400000 	 0.556403 
1.450000 	 0.377706 
1.500000 	 0.342725 
1.550000 	 0.500372 
1.600000 	 1.083558 
1.650000 	 0.211417 
1.700000 	 0.109374 
1.750000 	 0.069098 
1.800000 	 0.047732 
1.850000 	 0.034731 
1.900000 	 0.026168 
1.950000 	 0.020225 
2.000000 	 0.015944 
2.050000 	 0.012773 
2.100000 	 0.010369 
2.150000 	 0.008514 
2.200000 	 0.007061 
2.250000 	 0.005906 
2.300000 	 0.004979 
2.350000 	 0.004227 
2.400000 	 0.003611 
2.450000 	 0.003102 
2.500000 	 0.002679 
2.550000 	 0.002326 
2.600000 	 0.002028 
2.650000 	 0.001775 
2.700000 	 0.001560 
2.750000 	 0.001376 
2.800000 	 0.001218 
2.850000 	 0.001082 
2.900000 	 0.000964 
2.950000 	 0.000861 

 0.340000 
1.300000 	 5.914227 
1.350000 	 1.305792 
1.400000 	 0.552972 
1.450000 	 0.371622 
1.500000 	 0.333586 
1.550000 	 0.481327 
1.600000 	 1.035575 
1.650000 	 0.203790 
1.700000 	 0.105969 
1.750000 	 0.067180 
1.800000 	 0.046526 
1.850000 	 0.033921 
1.900000 	 0.025598 
1.950000 	 0.019812 
2.000000 	 0.015637 
2.050000 	 0.012539 
2.100000 	 0.010188 
2.150000 	 0.008373 
2.200000 	 0.006948 
2.250000 	 0.005816 
2.300000 	 0.004906 
2.350000 	 0.004167 
2.400000 	 0.003562 
2.450000 	 0.003062 
2.500000 	 0.002646 
2.550000 	 0.002297 
2.600000 	 0.002004 
2.650000 	 0.001755 
2.700000 	 0.001543 
2.750000 	 0.001362 
2.800000 	 0.001206 
2.850000 	 0.001071 
2.900000 	 0.000955 
2.950000 	 0.000853 

 0.350000 
1.300000 	 5.960597 
1.350000 	 1.308929 
1.400000 	 0.548912 
1.450000 	 0.365020 
1.500000 	 0.323888 
1.550000 	 0.461322 
1.600000 	 0.985330 
1.650000 	 0.195756 
1.700000 	 0.102364 
1.750000 	 0.065140 
1.800000 	 0.045237 
1.850000 	 0.033052 
1.900000 	 0.024985 
1.950000 	 0.019365 
2.000000 	 0.015303 
2.050000 	 0.012284 
2.100000 	 0.009991 
2.150000 	 0.008217 
2.200000 	 0.006825 
2.250000 	 0.005717 
2.300000 	 0.004825 
2.350000 	 0.004101 
2.400000 	 0.003507 
2.450000 	 0.003016 
2.500000 	 0.002608 
2.550000 	 0.002266 
2.600000 	 0.001977 
2.650000 	 0.001732 
2.700000 	 0.001524 
2.750000 	 0.001345 
2.800000 	 0.001192 
2.850000 	 0.001059 
2.900000 	 0.000944 
2.950000 	 0.000844 

 0.360000 
1.300000 	 6.002608 
1.350000 	 1.310936 
1.400000 	 0.544255 
1.450000 	 0.357928 
1.500000 	 0.313665 
1.550000 	 0.440423 
1.600000 	 0.932980 
1.650000 	 0.187341 
1.700000 	 0.098572 
1.750000 	 0.062985 
1.800000 	 0.043870 
1.850000 	 0.032127 
1.900000 	 0.024331 
1.950000 	 0.018886 
2.000000 	 0.014944 
2.050000 	 0.012010 
2.100000 	 0.009777 
2.150000 	 0.008049 
2.200000 	 0.006690 
2.250000 	 0.005608 
2.300000 	 0.004737 
2.350000 	 0.004029 
2.400000 	 0.003447 
2.450000 	 0.002967 
2.500000 	 0.002566 
2.550000 	 0.002230 
2.600000 	 0.001947 
2.650000 	 0.001707 
2.700000 	 0.001502 
2.750000 	 0.001327 
2.800000 	 0.001176 
2.850000 	 0.001045 
2.900000 	 0.000932 
2.950000 	 0.000833 

 0.370000 
1.300000 	 6.040381 
1.350000 	 1.311855 
1.400000 	 0.539030 
1.450000 	 0.350377 
1.500000 	 0.302951 
1.550000 	 0.418694 
1.600000 	 0.878679 
1.650000 	 0.178574 
1.700000 	 0.094604 
1.750000 	 0.060722 
1.800000 	 0.042431 
1.850000 	 0.031150 
1.900000 	 0.023637 
1.950000 	 0.018378 
2.000000 	 0.014562 
2.050000 	 0.011717 
2.100000 	 0.009549 
2.150000 	 0.007868 
2.200000 	 0.006546 
2.250000 	 0.005491 
2.300000 	 0.004642 
2.350000 	 0.003950 
2.400000 	 0.003382 
2.450000 	 0.002912 
2.500000 	 0.002521 
2.550000 	 0.002192 
2.600000 	 0.001915 
2.650000 	 0.001679 
2.700000 	 0.001478 
2.750000 	 0.001306 
2.800000 	 0.001158 
2.850000 	 0.001030 
2.900000 	 0.000919 
2.950000 	 0.000822 

 0.380000 
1.300000 	 6.074029 
1.350000 	 1.311726 
1.400000 	 0.533265 
1.450000 	 0.342393 
1.500000 	 0.291781 
1.550000 	 0.396195 
1.600000 	 0.822580 
1.650000 	 0.169478 
1.700000 	 0.090474 
1.750000 	 0.058359 
1.800000 	 0.040924 
1.850000 	 0.030124 
1.900000 	 0.022907 
1.950000 	 0.017842 
2.000000 	 0.014158 
2.050000 	 0.011406 
2.100000 	 0.009307 
2.150000 	 0.007676 
2.200000 	 0.006392 
2.250000 	 0.005367 
2.300000 	 0.004540 
2.350000 	 0.003866 
2.400000 	 0.003312 
2.450000 	 0.002854 
2.500000 	 0.002471 
2.550000 	 0.002150 
2.600000 	 0.001879 
2.650000 	 0.001649 
2.700000 	 0.001452 
2.750000 	 0.001284 
2.800000 	 0.001139 
2.850000 	 0.001013 
2.900000 	 0.000904 
2.950000 	 0.000809 

 0.390000 
1.300000 	 6.103656 
1.350000 	 1.310586 
1.400000 	 0.526987 
1.450000 	 0.334003 
1.500000 	 0.280187 
1.550000 	 0.372988 
1.600000 	 0.764828 
1.650000 	 0.160079 
1.700000 	 0.086192 
1.750000 	 0.055903 
1.800000 	 0.039353 
1.850000 	 0.029052 
1.900000 	 0.022143 
1.950000 	 0.017279 
2.000000 	 0.013733 
2.050000 	 0.011079 
2.100000 	 0.009051 
2.150000 	 0.007473 
2.200000 	 0.006229 
2.250000 	 0.005234 
2.300000 	 0.004431 
2.350000 	 0.003777 
2.400000 	 0.003238 
2.450000 	 0.002792 
2.500000 	 0.002419 
2.550000 	 0.002106 
2.600000 	 0.001841 
2.650000 	 0.001617 
2.700000 	 0.001425 
2.750000 	 0.001260 
2.800000 	 0.001118 
2.850000 	 0.000995 
2.900000 	 0.000888 
2.950000 	 0.000795 

 0.400000 
1.300000 	 6.129357 
1.350000 	 1.308471 
1.400000 	 0.520223 
1.450000 	 0.325234 
1.500000 	 0.268200 
1.550000 	 0.349132 
1.600000 	 0.705570 
1.650000 	 0.150403 
1.700000 	 0.081771 
1.750000 	 0.053360 
1.800000 	 0.037724 
1.850000 	 0.027938 
1.900000 	 0.021348 
1.950000 	 0.016692 
2.000000 	 0.013290 
2.050000 	 0.010737 
2.100000 	 0.008782 
2.150000 	 0.007260 
2.200000 	 0.006057 
2.250000 	 0.005095 
2.300000 	 0.004317 
2.350000 	 0.003682 
2.400000 	 0.003159 
2.450000 	 0.002726 
2.500000 	 0.002363 
2.550000 	 0.002059 
2.600000 	 0.001801 
2.650000 	 0.001582 
2.700000 	 0.001395 
2.750000 	 0.001234 
2.800000 	 0.001096 
2.850000 	 0.000976 
2.900000 	 0.000871 
2.950000 	 0.000780 

 0.410000 
1.300000 	 6.151220 
1.350000 	 1.305415 
1.400000 	 0.512999 
1.450000 	 0.316110 
1.500000 	 0.255852 
1.550000 	 0.324685 
1.600000 	 0.644947 
1.650000 	 0.140472 
1.700000 	 0.077221 
1.750000 	 0.050737 
1.800000 	 0.036039 
1.850000 	 0.026784 
1.900000 	 0.020522 
1.950000 	 0.016082 
2.000000 	 0.012828 
2.050000 	 0.010381 
2.100000 	 0.008503 
2.150000 	 0.007037 
2.200000 	 0.005878 
2.250000 	 0.004949 
2.300000 	 0.004197 
2.350000 	 0.003583 
2.400000 	 0.003077 
2.450000 	 0.002656 
2.500000 	 0.002305 
2.550000 	 0.002009 
2.600000 	 0.001759 
2.650000 	 0.001546 
2.700000 	 0.001364 
2.750000 	 0.001207 
2.800000 	 0.001072 
2.850000 	 0.000955 
2.900000 	 0.000853 
2.950000 	 0.000765 

 0.420000 
1.300000 	 6.169326 
1.350000 	 1.301450 
1.400000 	 0.505338 
1.450000 	 0.306657 
1.500000 	 0.243172 
1.550000 	 0.299704 
1.600000 	 0.583099 
1.650000 	 0.130311 
1.700000 	 0.072555 
1.750000 	 0.048042 
1.800000 	 0.034305 
1.850000 	 0.025594 
1.900000 	 0.019669 
1.950000 	 0.015452 
2.000000 	 0.012350 
2.050000 	 0.010011 
2.100000 	 0.008212 
2.150000 	 0.006806 
2.200000 	 0.005691 
2.250000 	 0.004797 
2.300000 	 0.004072 
2.350000 	 0.003479 
2.400000 	 0.002990 
2.450000 	 0.002583 
2.500000 	 0.002243 
2.550000 	 0.001957 
2.600000 	 0.001714 
2.650000 	 0.001507 
2.700000 	 0.001331 
2.750000 	 0.001178 
2.800000 	 0.001047 
2.850000 	 0.000933 
2.900000 	 0.000834 
2.950000 	 0.000748 

 0.430000 
1.300000 	 6.183747 
1.350000 	 1.296605 
1.400000 	 0.497264 
1.450000 	 0.296897 
1.500000 	 0.230190 
1.550000 	 0.274245 
1.600000 	 0.520162 
1.650000 	 0.119943 
1.700000 	 0.067783 
1.750000 	 0.045280 
1.800000 	 0.032525 
1.850000 	 0.024370 
1.900000 	 0.018791 
1.950000 	 0.014801 
2.000000 	 0.011856 
2.050000 	 0.009628 
2.100000 	 0.007911 
2.150000 	 0.006566 
2.200000 	 0.005497 
2.250000 	 0.004639 
2.300000 	 0.003942 
2.350000 	 0.003371 
2.400000 	 0.002900 
2.450000 	 0.002508 
2.500000 	 0.002179 
2.550000 	 0.001902 
2.600000 	 0.001667 
2.650000 	 0.001467 
2.700000 	 0.001296 
2.750000 	 0.001149 
2.800000 	 0.001021 
2.850000 	 0.000911 
2.900000 	 0.000815 
2.950000 	 0.000731 

 0.440000 
1.300000 	 6.194550 
1.350000 	 1.290908 
1.400000 	 0.488800 
1.450000 	 0.286855 
1.500000 	 0.216936 
1.550000 	 0.248363 
1.600000 	 0.456274 
1.650000 	 0.109392 
1.700000 	 0.062917 
1.750000 	 0.042458 
1.800000 	 0.030703 
1.850000 	 0.023117 
1.900000 	 0.017890 
1.950000 	 0.014133 
2.000000 	 0.011348 
2.050000 	 0.009235 
2.100000 	 0.007601 
2.150000 	 0.006318 
2.200000 	 0.005297 
2.250000 	 0.004476 
2.300000 	 0.003808 
2.350000 	 0.003260 
2.400000 	 0.002807 
2.450000 	 0.002429 
2.500000 	 0.002113 
2.550000 	 0.001845 
2.600000 	 0.001619 
2.650000 	 0.001426 
2.700000 	 0.001260 
2.750000 	 0.001117 
2.800000 	 0.000994 
2.850000 	 0.000887 
2.900000 	 0.000794 
2.950000 	 0.000712 

 0.450000 
1.300000 	 6.201795 
1.350000 	 1.284387 
1.400000 	 0.479968 
1.450000 	 0.276553 
1.500000 	 0.203437 
1.550000 	 0.222112 
1.600000 	 0.391566 
1.650000 	 0.098680 
1.700000 	 0.057966 
1.750000 	 0.039582 
1.800000 	 0.028844 
1.850000 	 0.021836 
1.900000 	 0.016968 
1.950000 	 0.013448 
2.000000 	 0.010827 
2.050000 	 0.008831 
2.100000 	 0.007282 
2.150000 	 0.006064 
2.200000 	 0.005091 
2.250000 	 0.004308 
2.300000 	 0.003669 
2.350000 	 0.003145 
2.400000 	 0.002710 
2.450000 	 0.002348 
2.500000 	 0.002044 
2.550000 	 0.001787 
2.600000 	 0.001569 
2.650000 	 0.001382 
2.700000 	 0.001223 
2.750000 	 0.001085 
2.800000 	 0.000966 
2.850000 	 0.000862 
2.900000 	 0.000772 
2.950000 	 0.000693 

 0.460000 
1.300000 	 6.205533 
1.350000 	 1.277068 
1.400000 	 0.470790 
1.450000 	 0.266014 
1.500000 	 0.189722 
1.550000 	 0.195546 
1.600000 	 0.326173 
1.650000 	 0.087830 
1.700000 	 0.052943 
1.750000 	 0.036660 
1.800000 	 0.026952 
1.850000 	 0.020530 
1.900000 	 0.016028 
1.950000 	 0.012749 
2.000000 	 0.010295 
2.050000 	 0.008417 
2.100000 	 0.006956 
2.150000 	 0.005803 
2.200000 	 0.004880 
2.250000 	 0.004135 
2.300000 	 0.003527 
2.350000 	 0.003026 
2.400000 	 0.002611 
2.450000 	 0.002264 
2.500000 	 0.001973 
2.550000 	 0.001726 
2.600000 	 0.001517 
2.650000 	 0.001338 
2.700000 	 0.001184 
2.750000 	 0.001051 
2.800000 	 0.000937 
2.850000 	 0.000837 
2.900000 	 0.000750 
2.950000 	 0.000673 

 0.470000 
1.300000 	 6.205813 
1.350000 	 1.268973 
1.400000 	 0.461286 
1.450000 	 0.255259 
1.500000 	 0.175819 
1.550000 	 0.168718 
1.600000 	 0.260224 
1.650000 	 0.076864 
1.700000 	 0.047856 
1.750000 	 0.033696 
1.800000 	 0.025030 
1.850000 	 0.019203 
1.900000 	 0.015071 
1.950000 	 0.012037 
2.000000 	 0.009752 
2.050000 	 0.007995 
2.100000 	 0.006623 
2.150000 	 0.005536 
2.200000 	 0.004664 
2.250000 	 0.003958 
2.300000 	 0.003381 
2.350000 	 0.002905 
2.400000 	 0.002509 
2.450000 	 0.002178 
2.500000 	 0.001900 
2.550000 	 0.001664 
2.600000 	 0.001463 
2.650000 	 0.001292 
2.700000 	 0.001144 
2.750000 	 0.001017 
2.800000 	 0.000906 
2.850000 	 0.000810 
2.900000 	 0.000727 
2.950000 	 0.000653 

 0.480000 
1.300000 	 6.202673 
1.350000 	 1.260127 
1.400000 	 0.451476 
1.450000 	 0.244310 
1.500000 	 0.161754 
1.550000 	 0.141680 
1.600000 	 0.193850 
1.650000 	 0.065804 
1.700000 	 0.042718 
1.750000 	 0.030698 
1.800000 	 0.023084 
1.850000 	 0.017857 
1.900000 	 0.014099 
1.950000 	 0.011314 
2.000000 	 0.009200 
2.050000 	 0.007566 
2.100000 	 0.006284 
2.150000 	 0.005264 
2.200000 	 0.004444 
2.250000 	 0.003778 
2.300000 	 0.003232 
2.350000 	 0.002781 
2.400000 	 0.002405 
2.450000 	 0.002091 
2.500000 	 0.001825 
2.550000 	 0.001600 
2.600000 	 0.001409 
2.650000 	 0.001245 
2.700000 	 0.001103 
2.750000 	 0.000981 
2.800000 	 0.000875 
2.850000 	 0.000783 
2.900000 	 0.000703 
2.950000 	 0.000632 

 0.490000 
1.300000 	 6.196149 
1.350000 	 1.250549 
1.400000 	 0.441380 
1.450000 	 0.233189 
1.500000 	 0.147555 
1.550000 	 0.114484 
1.600000 	 0.127181 
1.650000 	 0.054673 
1.700000 	 0.037538 
1.750000 	 0.027671 
1.800000 	 0.021117 
1.850000 	 0.016495 
1.900000 	 0.013115 
1.950000 	 0.010580 
2.000000 	 0.008640 
2.050000 	 0.007130 
2.100000 	 0.005939 
2.150000 	 0.004988 
2.200000 	 0.004220 
2.250000 	 0.003594 
2.300000 	 0.003080 
2.350000 	 0.002654 
2.400000 	 0.002299 
2.450000 	 0.002001 
2.500000 	 0.001749 
2.550000 	 0.001535 
2.600000 	 0.001353 
2.650000 	 0.001196 
2.700000 	 0.001062 
2.750000 	 0.000945 
2.800000 	 0.000844 
2.850000 	 0.000756 
2.900000 	 0.000678 
2.950000 	 0.000611 

 0.500000 
1.300000 	 6.186268 
1.350000 	 1.240261 
1.400000 	 0.431018 
1.450000 	 0.221916 
1.500000 	 0.133249 
1.550000 	 0.087184 
1.600000 	 0.060346 
1.650000 	 0.043492 
1.700000 	 0.032326 
1.750000 	 0.024622 
1.800000 	 0.019134 
1.850000 	 0.015120 
1.900000 	 0.012121 
1.950000 	 0.009838 
2.000000 	 0.008073 
2.050000 	 0.006688 
2.100000 	 0.005589 
2.150000 	 0.004707 
2.200000 	 0.003992 
2.250000 	 0.003408 
2.300000 	 0.002926 
2.350000 	 0.002526 
2.400000 	 0.002191 
2.450000 	 0.001910 
2.500000 	 0.001672 
2.550000 	 0.001469 
2.600000 	 0.001296 
2.650000 	 0.001147 
2.700000 	 0.001019 
2.750000 	 0.000908 
2.800000 	 0.000811 
2.850000 	 0.000727 
2.900000 	 0.000653 
2.950000 	 0.000588 
