1.692792836152008817e+00
1.692751266063214022e+00
1.692626562654419020e+00
1.692418746203718349e+00
1.692127849602078182e+00
1.691753916985456963e+00
1.691297001741194572e+00
1.690757163946872144e+00
1.690134467063392654e+00
1.689428973929563371e+00
1.688640741898120634e+00
1.687769817040428055e+00
1.686816227263421064e+00
1.685779974211466081e+00
1.684661023691199855e+00
1.683459294441090437e+00
1.682174644841898603e+00
1.680806857273370092e+00
1.546859156666172241e+00
1.546155436865112698e+00
1.545419005791984990e+00
1.544650634138047263e+00
1.543851114673451708e+00
1.543021259908022857e+00
1.542161899646536494e+00
1.541273878547636533e+00
1.540358053657283621e+00
1.539415291909465688e+00
1.538446467652371474e+00
1.537452460178202029e+00
1.536434151278450955e+00
1.535392422857388750e+00
1.534328154596480420e+00
1.533242221687926010e+00
1.532135492655509523e+00
1.531008827273676820e+00
1.529863074617576757e+00
1.528699071193142967e+00
1.527517639241793290e+00
1.526319585176100224e+00
1.525105698146425937e+00
1.523876748804011472e+00
1.522633488184115258e+00
1.521376646792882426e+00
1.520106933828814677e+00
1.518825036593420830e+00
1.517531620047380958e+00
1.516227326548612586e+00
1.514912775706752646e+00
1.513588564434087624e+00
1.512255267072883713e+00
1.510913435693700624e+00
1.509563600484656432e+00
1.508206270231638557e+00
1.506841932893106639e+00
1.505471056240375027e+00
1.504094088545193220e+00
1.502711459314615139e+00
1.501323580014956693e+00
1.499930844843050615e+00
1.498533631450200687e+00
1.497132301662502440e+00
1.495727202150232804e+00
1.494318665060857088e+00
1.492907008575639294e+00
1.491492537415322284e+00
1.490075543254857360e+00
1.488656305076286435e+00
1.487235089416127698e+00
1.485812150558185829e+00
1.484387730617225509e+00
1.482962059557163759e+00
1.481535355140135790e+00
1.480107822806442819e+00
1.478679655489014921e+00
1.477251033395132751e+00
1.475822123737215552e+00
1.474393080452698568e+00
1.472964043912994514e+00
1.471535140636091921e+00
1.470106483013708498e+00
1.468678169063906802e+00
1.467250282256473248e+00
1.465822891381948434e+00
1.464396050464317645e+00
1.462969798808304134e+00
1.461544161104870065e+00
1.460119147627667591e+00
1.458694754560456719e+00
1.457270964411835790e+00
1.455847746531833131e+00
1.454425057774019869e+00
1.453002843201278260e+00
1.451581036944364023e+00
1.450159563122315420e+00
1.448738336842896324e+00
1.447317265283078136e+00
1.445896248809535045e+00
1.444475182157350268e+00
1.443053955608720740e+00
