1.724271964863252293e+00
1.724218134975052719e+00
1.724056650105310950e+00
1.723787524292986761e+00
1.723410779747940547e+00
1.722926445082876068e+00
1.722334552748564285e+00
1.721635135646885306e+00
1.720828222867117452e+00
1.719913834414506404e+00
1.718891974829250158e+00
1.717762625557656131e+00
1.716525735824454335e+00
1.715181211893483049e+00
1.713728904287468824e+00
1.712168592708604997e+00
1.710499968179713948e+00
1.708722611831191118e+00
1.706835969638882400e+00
1.704839322221582520e+00
1.702731748504902720e+00
1.700512081799954389e+00
1.698178856288678595e+00
1.695730241351052880e+00
1.693163960259904677e+00
1.690477188499402761e+00
1.687666425202522635e+00
1.684727328597992013e+00
1.681654502388172823e+00
1.525221870462176721e+00
1.524136749932479828e+00
1.523031468109860453e+00
1.521907238980571009e+00
1.520765251152323083e+00
1.519606663837959726e+00
1.518432603115612789e+00
1.517244158556297240e+00
1.516042380182559768e+00
1.514828275838221661e+00
1.513602808987399850e+00
1.512366896953726281e+00
1.511121409607038224e+00
1.509867168533917114e+00
1.508604946644788392e+00
1.507335468297611891e+00
1.506059409810838412e+00
1.504777400445661328e+00
1.503490023813917720e+00
1.502197819602487439e+00
1.500901285712425315e+00
1.499600880630925337e+00
1.498297026119783881e+00
1.496990110045749223e+00
1.495680489418234504e+00
1.494368493492510996e+00
1.493054426923837719e+00
1.491738572917951533e+00
1.490421196326984887e+00
1.489102546607145028e+00
1.487782860630869841e+00
1.486462365302535504e+00
1.485141279912228773e+00
1.483819818213032216e+00
1.482498190196358312e+00
1.481176603525313773e+00
1.479855264629729605e+00
1.478534379441034385e+00
1.477214153752413273e+00
1.475894793233360369e+00
1.474576503098621982e+00
1.473259487438808524e+00
1.471943948249056167e+00
1.470630084177559249e+00
1.469318089048553100e+00
1.468008150145186486e+00
1.466700446375980960e+00
1.465395146317598485e+00
1.464092406181211059e+00
1.462792367797060678e+00
1.461495156624484260e+00
1.460200879867441515e+00
1.458909624728284005e+00
1.457621456876167620e+00
1.456336419130102700e+00
1.455054530433045334e+00
1.453775785157041422e+00
1.452500152710327841e+00
1.451227577551882364e+00
1.449957979544306941e+00
1.448691254725081867e+00
1.447427276427060816e+00
1.446165896788233596e+00
1.444906948599817609e+00
1.443650247492685335e+00
1.442395594403912185e+00
1.441142778294347782e+00
1.439891579066274296e+00
1.438641770648412477e+00
1.437393124168239833e+00
1.436145411153411322e+00
