1.719771328865648208e+00
1.719713033933264246e+00
1.719538166583858052e+00
1.719246778800509023e+00
1.718838955981131900e+00
1.718314815094021064e+00
1.717674501982109136e+00
1.716918187808660567e+00
1.716046064531627335e+00
1.715058339279333044e+00
1.713955227514710078e+00
1.712736944747985213e+00
1.711403696615910741e+00
1.709955666985573330e+00
1.708393003773553076e+00
1.706715801960200896e+00
1.704924083289715897e+00
1.703017771892050281e+00
1.700996664891677668e+00
1.698860396864541489e+00
1.696608396531552820e+00
1.694239833731414624e+00
1.691753553922447972e+00
1.689147996637300198e+00
1.686421092924681231e+00
1.683570134942377727e+00
1.680591608075444832e+00
1.461675038196442067e+00
1.460482331508485609e+00
1.459282745911922197e+00
1.458079098421071196e+00
1.456874093010975146e+00
1.455670299357049613e+00
1.454470132542440286e+00
1.453275834165996150e+00
1.452089455265598961e+00
1.450912841464294889e+00
1.449747620753962574e+00
1.448595194236655281e+00
1.447456730078282350e+00
1.446333160947470109e+00
1.445225184975989619e+00
1.444133270360799637e+00
1.443057663436720706e+00
1.441998400157898041e+00
1.440955320675180618e+00
1.439928086707470634e+00
1.438916201295949548e+00
1.437919030508258089e+00
1.436935826601508426e+00
1.435965752152997155e+00
1.435007904634751918e+00
1.434061340955336217e+00
1.433125101521442346e+00
1.432198233324504466e+00
1.431279811750380659e+00
1.430368960693738867e+00
1.429464870737035875e+00
1.428566815132159773e+00
1.427674163391917439e+00
1.426786392378594392e+00
1.425903094736789445e+00
1.425023984677802114e+00
1.424148901039170356e+00
1.423277807670299655e+00
1.422410791180550804e+00
1.421548056115282455e+00
1.420689917708996441e+00
1.419836792317452856e+00
1.418989185703379396e+00
1.418147679426792429e+00
1.417312915521829808e+00
1.416485579765686564e+00
1.415666383852518306e+00
1.414856046766991060e+00
1.414055275786754384e+00
1.413264747459450632e+00
1.412485088972626812e+00
1.411716860338549928e+00
1.410960537826853933e+00
1.410216498986979650e+00
1.409485009718797199e+00
1.408766213656986510e+00
1.408060124200223306e+00
1.407366619352526271e+00
1.406685439613229338e+00
1.406016188879199769e+00
1.405358338453891465e+00
1.404711233974056395e+00
1.404074105188632071e+00
1.403446078229642735e+00
1.402826190207772328e+00
1.402213405677853908e+00
1.401606634632316384e+00
1.401004751615120947e+00
1.400406615548750011e+00
1.399811089830398370e+00
1.399217062311755022e+00
1.398623464794930715e+00
1.398029291666185392e+00
