1.734717774167385596e+00
1.734657753628876087e+00
1.734477699831363573e+00
1.734177635828720421e+00
1.733757598735605532e+00
1.733217637762958896e+00
1.732557811365823763e+00
1.731778183496229362e+00
1.730878818837439326e+00
1.729859776917700653e+00
1.728721104954340060e+00
1.727462829246306564e+00
1.726084944918708342e+00
1.724587403681015374e+00
1.722970099289693913e+00
1.721232850289637240e+00
1.719375379466860476e+00
1.717397289313970843e+00
1.715298032704422049e+00
1.713076877575014478e+00
1.710732864285146704e+00
1.708264753684667347e+00
1.705670963558385544e+00
1.702949490085746476e+00
1.700097809957374473e+00
1.697112757131262084e+00
1.693990365828523137e+00
1.690725667865227155e+00
1.687312427229106016e+00
1.683742786522584023e+00
1.500702779547983701e+00
1.499515961019675547e+00
1.498317452199355415e+00
1.497108976161115379e+00
1.495892177216806562e+00
1.494668613119850331e+00
1.493439748134888445e+00
1.492206947140619633e+00
1.490971470802202381e+00
1.489734471969653917e+00
1.488496993316805295e+00
1.487259966271731404e+00
1.486024211285965180e+00
1.484790439417016161e+00
1.483559255187823167e+00
1.482331160694030814e+00
1.481106560864507982e+00
1.479885769776879467e+00
1.478669017911654393e+00
1.477456460206712174e+00
1.476248184748433667e+00
1.475044221983063730e+00
1.473844554204559065e+00
1.472649125227975198e+00
1.471457850022833469e+00
1.470270624182780317e+00
1.469087333013257446e+00
1.467907860182616764e+00
1.466732095696569260e+00
1.465559943145038568e+00
1.464391326112279401e+00
1.463226193597467084e+00
1.462064524460306991e+00
1.460906330775250561e+00
1.459751660097956760e+00
1.458600596596703047e+00
1.457453261088766272e+00
1.456309809949026812e+00
1.455170433010857245e+00
1.454035350426544859e+00
1.452904808650963941e+00
1.451779075548493836e+00
1.450658434830550014e+00
1.449543179845553365e+00
1.448433606932344242e+00
1.447330008442536675e+00
1.446232665584616939e+00
1.445141841268037464e+00
1.444057773078280205e+00
1.442980666586612948e+00
1.441910689089130004e+00
1.440847964004261961e+00
1.439792565965144266e+00
1.438744516854219446e+00
1.437703782750972659e+00
1.436670272000166282e+00
1.435643834382379191e+00
1.434624261455977878e+00
1.433611288066876766e+00
1.432604595033367456e+00
1.431603812940529963e+00
1.430608526993296215e+00
1.429618282837217702e+00
1.428632593201412782e+00
1.427650945309130615e+00
1.426672808826734640e+00
1.425697644263795638e+00
1.424724911609653644e+00
1.423754079082756530e+00
1.422784631770859898e+00
