1.556515509347903281e+00
1.556496145801887776e+00
1.556438074496060864e+00
1.556341353339769196e+00
1.556206078699433393e+00
1.556032385147527286e+00
1.555820445127884311e+00
1.555570468508226334e+00
1.555282702059931133e+00
1.554957428839578659e+00
1.554594967461351729e+00
1.554195671296684456e+00
1.553759927582954559e+00
1.553288156433955347e+00
1.552780809777603466e+00
1.552238370206339813e+00
1.551661349762043507e+00
1.551050288615445805e+00
1.550405753720077495e+00
1.549728337357078711e+00
1.549018655647264486e+00
1.548277346983155223e+00
1.547505070442819486e+00
1.546702504120041732e+00
1.545870343439936123e+00
1.545009299430908367e+00
1.544120096992977809e+00
1.543203473104253654e+00
1.542260175071066053e+00
1.541290958719891746e+00
1.540296586643848498e+00
1.539277826430998752e+00
1.538235448918119586e+00
1.537170226484491975e+00
1.536082931378428773e+00
1.534974334072910063e+00
1.533845201708526451e+00
1.532696296554615589e+00
1.531528374557707517e+00
1.530342183980921256e+00
1.529138464076102544e+00
1.527917943879651963e+00
1.526681341073838682e+00
1.525429360946338297e+00
1.524162695437081938e+00
1.522882022297882942e+00
1.521588004310272524e+00
1.520281288648852591e+00
1.518962506284667224e+00
1.517632271534094413e+00
1.516291181658665943e+00
1.514939816555841867e+00
1.513578738562558534e+00
1.512208492280604943e+00
1.510829604532968329e+00
1.509442584331091464e+00
1.508047922929442786e+00
1.506646093927378915e+00
1.505237553403750539e+00
1.503822740095164923e+00
1.502402075599709619e+00
1.500975964591594769e+00
1.499544795083088466e+00
1.498108938653707645e+00
1.496668750690326455e+00
1.495224570670936615e+00
1.493776722350186992e+00
1.492325514035866663e+00
1.490871238767169205e+00
1.489414174518416623e+00
1.487954584377322975e+00
1.486492716708700979e+00
1.485028805278155062e+00
1.483563069386685473e+00
1.482095713983466290e+00
1.480626929749518927e+00
1.479156893192298927e+00
1.477685766733008332e+00
1.476213698782992134e+00
1.474740823845603233e+00
1.473267262603512151e+00
1.471793122042400093e+00
1.470318495589200580e+00
1.468843463257619719e+00
1.467368091873689773e+00
1.465892435264945393e+00
1.464416534547823279e+00
1.462940418440527690e+00
1.461464103590450092e+00
1.459987594992535165e+00
1.458510886418562746e+00
1.457033960908276748e+00
1.455556791307802245e+00
1.454079340829898204e+00
1.452601563686963360e+00
1.451123405727682503e+00
1.449644805113692314e+00
1.448165693036261636e+00
1.446685994436612166e+00
1.445205628737150638e+00
